evolutionary_commit,base,left,right,parent,region_change_evolutionary_commit_before,region_change_evolutionary_commit_after,region_conflict_before,region_conflict_after
2399722bb40eb2671be8f99c21a85213a439fe8b,e3184b638db2e2413898b6f17154ccd8c28829d7,2399722bb40eb2671be8f99c21a85213a439fe8b,4c91fe3a5cdab6e31f826e4150ea7403c9962db2,left,"-68,5","+68,5",a/site/styles/themes.js,b/site/styles/themes.js
f722971d8fceb6c373105f8c158fb7a75442e31b,e3184b638db2e2413898b6f17154ccd8c28829d7,2399722bb40eb2671be8f99c21a85213a439fe8b,4c91fe3a5cdab6e31f826e4150ea7403c9962db2,right,"-68,5","+68,5",a/site/styles/themes.js,b/site/styles/themes.js
2399722bb40eb2671be8f99c21a85213a439fe8b,e3184b638db2e2413898b6f17154ccd8c28829d7,2399722bb40eb2671be8f99c21a85213a439fe8b,4c91fe3a5cdab6e31f826e4150ea7403c9962db2,left,"-4,1","+4,7",a/site/templates/content/MenuPage.js,b/site/templates/content/MenuPage.js
f722971d8fceb6c373105f8c158fb7a75442e31b,e3184b638db2e2413898b6f17154ccd8c28829d7,2399722bb40eb2671be8f99c21a85213a439fe8b,4c91fe3a5cdab6e31f826e4150ea7403c9962db2,right,"-4,1","+4,2",a/site/templates/content/MenuPage.js,b/site/templates/content/MenuPage.js
2399722bb40eb2671be8f99c21a85213a439fe8b,e3184b638db2e2413898b6f17154ccd8c28829d7,2399722bb40eb2671be8f99c21a85213a439fe8b,4c91fe3a5cdab6e31f826e4150ea7403c9962db2,left,"-20,27","+24,28",a/site/templates/content/MenuPage.js,b/site/templates/content/MenuPage.js
f722971d8fceb6c373105f8c158fb7a75442e31b,e3184b638db2e2413898b6f17154ccd8c28829d7,2399722bb40eb2671be8f99c21a85213a439fe8b,4c91fe3a5cdab6e31f826e4150ea7403c9962db2,right,"-20,27","+21,27",a/site/templates/content/MenuPage.js,b/site/templates/content/MenuPage.js
95765d6cdac53ac3524d88cc7e9db10664fc3cfc,df656cef4d55ce7e18fc2b546aa9a49c86549f13,95765d6cdac53ac3524d88cc7e9db10664fc3cfc,ed326d10042b6d9235438c1543bf90ca84f89f41,left,"-117,0","+117,1",a/site/styles/reset.js,b/site/styles/reset.js
d137cb3998bcfd6cd69609f33213dbdcc588c137,df656cef4d55ce7e18fc2b546aa9a49c86549f13,95765d6cdac53ac3524d88cc7e9db10664fc3cfc,ed326d10042b6d9235438c1543bf90ca84f89f41,right,"-116,1","+116,2",a/site/styles/reset.js,b/site/styles/reset.js
95765d6cdac53ac3524d88cc7e9db10664fc3cfc,df656cef4d55ce7e18fc2b546aa9a49c86549f13,95765d6cdac53ac3524d88cc7e9db10664fc3cfc,ed326d10042b6d9235438c1543bf90ca84f89f41,left,"-13,13","+13,16",a/site/templates/Homepage/USPs/index.js,b/site/templates/Homepage/USPs/index.js
d137cb3998bcfd6cd69609f33213dbdcc588c137,df656cef4d55ce7e18fc2b546aa9a49c86549f13,95765d6cdac53ac3524d88cc7e9db10664fc3cfc,ed326d10042b6d9235438c1543bf90ca84f89f41,right,"-12,15","+12,2",a/site/templates/Homepage/USPs/index.js,b/site/templates/Homepage/USPs/index.js
95765d6cdac53ac3524d88cc7e9db10664fc3cfc,df656cef4d55ce7e18fc2b546aa9a49c86549f13,95765d6cdac53ac3524d88cc7e9db10664fc3cfc,ed326d10042b6d9235438c1543bf90ca84f89f41,left,"-35,3","+38,2",a/site/templates/Homepage/USPs/index.js,b/site/templates/Homepage/USPs/index.js
d137cb3998bcfd6cd69609f33213dbdcc588c137,df656cef4d55ce7e18fc2b546aa9a49c86549f13,95765d6cdac53ac3524d88cc7e9db10664fc3cfc,ed326d10042b6d9235438c1543bf90ca84f89f41,right,"-36,2","+23,57",a/site/templates/Homepage/USPs/index.js,b/site/templates/Homepage/USPs/index.js
95765d6cdac53ac3524d88cc7e9db10664fc3cfc,df656cef4d55ce7e18fc2b546aa9a49c86549f13,95765d6cdac53ac3524d88cc7e9db10664fc3cfc,ed326d10042b6d9235438c1543bf90ca84f89f41,left,"-2,14","+2,8",a/site/templates/Homepage/USPs/styled.js,b/site/templates/Homepage/USPs/styled.js
d137cb3998bcfd6cd69609f33213dbdcc588c137,df656cef4d55ce7e18fc2b546aa9a49c86549f13,95765d6cdac53ac3524d88cc7e9db10664fc3cfc,ed326d10042b6d9235438c1543bf90ca84f89f41,right,"-2,4","+2,8",a/site/templates/Homepage/USPs/styled.js,b/site/templates/Homepage/USPs/styled.js
95765d6cdac53ac3524d88cc7e9db10664fc3cfc,df656cef4d55ce7e18fc2b546aa9a49c86549f13,95765d6cdac53ac3524d88cc7e9db10664fc3cfc,ed326d10042b6d9235438c1543bf90ca84f89f41,left,"-2,14","+14,2",a/site/templates/Homepage/USPs/styled.js,b/site/templates/Homepage/USPs/styled.js
d137cb3998bcfd6cd69609f33213dbdcc588c137,df656cef4d55ce7e18fc2b546aa9a49c86549f13,95765d6cdac53ac3524d88cc7e9db10664fc3cfc,ed326d10042b6d9235438c1543bf90ca84f89f41,right,"-2,4","+14,1",a/site/templates/Homepage/USPs/styled.js,b/site/templates/Homepage/USPs/styled.js
95765d6cdac53ac3524d88cc7e9db10664fc3cfc,df656cef4d55ce7e18fc2b546aa9a49c86549f13,95765d6cdac53ac3524d88cc7e9db10664fc3cfc,ed326d10042b6d9235438c1543bf90ca84f89f41,left,"-2,14","+20,3",a/site/templates/Homepage/USPs/styled.js,b/site/templates/Homepage/USPs/styled.js
95765d6cdac53ac3524d88cc7e9db10664fc3cfc,df656cef4d55ce7e18fc2b546aa9a49c86549f13,95765d6cdac53ac3524d88cc7e9db10664fc3cfc,ed326d10042b6d9235438c1543bf90ca84f89f41,left,"-2,14","+28,13",a/site/templates/Homepage/USPs/styled.js,b/site/templates/Homepage/USPs/styled.js
d137cb3998bcfd6cd69609f33213dbdcc588c137,df656cef4d55ce7e18fc2b546aa9a49c86549f13,95765d6cdac53ac3524d88cc7e9db10664fc3cfc,ed326d10042b6d9235438c1543bf90ca84f89f41,right,"-9,5","+25,11",a/site/templates/Homepage/USPs/styled.js,b/site/templates/Homepage/USPs/styled.js
95765d6cdac53ac3524d88cc7e9db10664fc3cfc,df656cef4d55ce7e18fc2b546aa9a49c86549f13,95765d6cdac53ac3524d88cc7e9db10664fc3cfc,ed326d10042b6d9235438c1543bf90ca84f89f41,left,"-2,14","+46,3",a/site/templates/Homepage/USPs/styled.js,b/site/templates/Homepage/USPs/styled.js
d137cb3998bcfd6cd69609f33213dbdcc588c137,df656cef4d55ce7e18fc2b546aa9a49c86549f13,95765d6cdac53ac3524d88cc7e9db10664fc3cfc,ed326d10042b6d9235438c1543bf90ca84f89f41,right,"-15,1","+41,2",a/site/templates/Homepage/USPs/styled.js,b/site/templates/Homepage/USPs/styled.js
19c18ebb20599316e3c027f620e373ee3172b383,abd27c8ec56ed8e44d677e533b26281402e9838c,19c18ebb20599316e3c027f620e373ee3172b383,13e5a4c281934b95d07e55cf8beeeff7382c87a1,left,"-21,4","+21,4",a/src/actions/composite.js,b/src/actions/composite.js
31582c010be1f8ba44bb412511b06e5775f0e9dc,abd27c8ec56ed8e44d677e533b26281402e9838c,19c18ebb20599316e3c027f620e373ee3172b383,13e5a4c281934b95d07e55cf8beeeff7382c87a1,right,"-20,1","+25,4",a/src/actions/composite.js,b/src/actions/composite.js
acaff07ac6d4dfccb175770a6fe11656ac07e30b,abd27c8ec56ed8e44d677e533b26281402e9838c,19c18ebb20599316e3c027f620e373ee3172b383,13e5a4c281934b95d07e55cf8beeeff7382c87a1,right,"-21,1","+20,1",a/src/actions/composite.js,b/src/actions/composite.js
16c9ab42a4e3fd20bfd0a2cf0e2f20c321b4ab1a,abd27c8ec56ed8e44d677e533b26281402e9838c,19c18ebb20599316e3c027f620e373ee3172b383,13e5a4c281934b95d07e55cf8beeeff7382c87a1,left,"-31,0","+31,1",a/src/popmotion.js,b/src/popmotion.js
37d7e69ef018e9a3c8185ea989d6332a5ddf3b65,abd27c8ec56ed8e44d677e533b26281402e9838c,19c18ebb20599316e3c027f620e373ee3172b383,13e5a4c281934b95d07e55cf8beeeff7382c87a1,right,"-30,0","+30,1",a/src/popmotion.js,b/src/popmotion.js
d1d9fd7bdacecca08944ce94fcede7f5c5665f4d,121d73c77a5c026620ae577266e473f1fbc6d145,816ef80293b06866916122c74b3a129bf488a8ea,880ebff77ac4194696da7437015be06912876922,left,"-12,5","+12,5",a/src/actions/color-tween.js,b/src/actions/color-tween.js
a0b7a6cb2b54eb3cfac536da7e7061212546e5e9,121d73c77a5c026620ae577266e473f1fbc6d145,816ef80293b06866916122c74b3a129bf488a8ea,880ebff77ac4194696da7437015be06912876922,right,"-12,5","+12,1",a/src/actions/color-tween.js,b/src/actions/color-tween.js
20e0093c87b522edc344c2ce791a037d099a59bd,942f367fd2e53b5b9add0e965c4abbdecd815d12,f3593ab9fe729886f9efbcb6c011b25db6835902,20e0093c87b522edc344c2ce791a037d099a59bd,right,"-72,1","+72,4",a/src/value/transformers.js,b/src/value/transformers.js
64583bd1e58ac7f887495d14a2626210281f631b,96625d723a5766c1533876f2ba7099538490d6d8,64583bd1e58ac7f887495d14a2626210281f631b,f9a5fc7809b15b63484b4cd3bdb22924c04f7c40,left,"-0,0","+1,129",a/src/value/value.js,b/src/value/value.js
f9a5fc7809b15b63484b4cd3bdb22924c04f7c40,96625d723a5766c1533876f2ba7099538490d6d8,64583bd1e58ac7f887495d14a2626210281f631b,f9a5fc7809b15b63484b4cd3bdb22924c04f7c40,right,"-0,0","+1,98",a/src/value/value.js,b/src/value/value.js
8e7de0361fd24999ad209beb15b36ebf5a545ac1,8d4f0de08e3a16305934bd524c90b95207d33d79,8e7de0361fd24999ad209beb15b36ebf5a545ac1,d7825c76d007d0096e0e393bc63d31f602a9b938,left,"-4,1","+4,2",a/src/actor/Actor.js,b/src/actor/Actor.js
d7825c76d007d0096e0e393bc63d31f602a9b938,8d4f0de08e3a16305934bd524c90b95207d33d79,8e7de0361fd24999ad209beb15b36ebf5a545ac1,d7825c76d007d0096e0e393bc63d31f602a9b938,right,"-4,1","+4,2",a/src/actor/Actor.js,b/src/actor/Actor.js
8e7de0361fd24999ad209beb15b36ebf5a545ac1,8d4f0de08e3a16305934bd524c90b95207d33d79,8e7de0361fd24999ad209beb15b36ebf5a545ac1,d7825c76d007d0096e0e393bc63d31f602a9b938,left,"-120,4","+121,20",a/src/actor/Actor.js,b/src/actor/Actor.js
d7825c76d007d0096e0e393bc63d31f602a9b938,8d4f0de08e3a16305934bd524c90b95207d33d79,8e7de0361fd24999ad209beb15b36ebf5a545ac1,d7825c76d007d0096e0e393bc63d31f602a9b938,right,"-119,6","+121,2",a/src/actor/Actor.js,b/src/actor/Actor.js
bbd45343234451d839652b3e79241f8474ec7885,1a86b0e1ee79f84c23cccaf628480c287664cdce,bbd45343234451d839652b3e79241f8474ec7885,d35870d5b2305d61e60bbe1c07ca3218a5bf54a8,left,"-1,5136","+1,5291",a/popmotion.global.js,b/popmotion.global.js
c494d5ecd43186f3b6e62ae83508dd3e3164a537,1a86b0e1ee79f84c23cccaf628480c287664cdce,bbd45343234451d839652b3e79241f8474ec7885,d35870d5b2305d61e60bbe1c07ca3218a5bf54a8,right,"-1,5435","+1,5287",a/popmotion.global.js,b/popmotion.global.js
885ee5492c70568217084393ee96244ca84b51f5,1a86b0e1ee79f84c23cccaf628480c287664cdce,bbd45343234451d839652b3e79241f8474ec7885,d35870d5b2305d61e60bbe1c07ca3218a5bf54a8,right,"-1,5302","+1,5435",a/popmotion.global.js,b/popmotion.global.js
9ffd0a61b99421b4542ac5ae72940d9d767d6f80,1a86b0e1ee79f84c23cccaf628480c287664cdce,bbd45343234451d839652b3e79241f8474ec7885,d35870d5b2305d61e60bbe1c07ca3218a5bf54a8,right,"-1,5154","+1,5302",a/popmotion.global.js,b/popmotion.global.js
52c0fe4ca6686f5718a888f06e0bde6a1a7ca85b,1a86b0e1ee79f84c23cccaf628480c287664cdce,bbd45343234451d839652b3e79241f8474ec7885,d35870d5b2305d61e60bbe1c07ca3218a5bf54a8,right,"-1,5136","+1,5154",a/popmotion.global.js,b/popmotion.global.js
c7909e37d64caddc6e8e2973db9f9605f0dad6b0,217c75d29c6e0f658397f1380dbd4277d6883c46,c7909e37d64caddc6e8e2973db9f9605f0dad6b0,40673bf56a762a695f6585cc6e86691a39dee076,left,"-0,0","+1,1",a/lib/actor/post-render.js,b/lib/actor/post-render.js
95ee769a09ebbaaf3d7b1ca8c528f6c5122481b5,217c75d29c6e0f658397f1380dbd4277d6883c46,c7909e37d64caddc6e8e2973db9f9605f0dad6b0,40673bf56a762a695f6585cc6e86691a39dee076,right,"-0,0","+1,3",a/lib/actor/post-render.js,b/lib/actor/post-render.js
c7909e37d64caddc6e8e2973db9f9605f0dad6b0,217c75d29c6e0f658397f1380dbd4277d6883c46,c7909e37d64caddc6e8e2973db9f9605f0dad6b0,40673bf56a762a695f6585cc6e86691a39dee076,left,"-0,0","+10,1",a/lib/actor/post-render.js,b/lib/actor/post-render.js
95ee769a09ebbaaf3d7b1ca8c528f6c5122481b5,217c75d29c6e0f658397f1380dbd4277d6883c46,c7909e37d64caddc6e8e2973db9f9605f0dad6b0,40673bf56a762a695f6585cc6e86691a39dee076,right,"-0,0","+12,1",a/lib/actor/post-render.js,b/lib/actor/post-render.js
c7909e37d64caddc6e8e2973db9f9605f0dad6b0,217c75d29c6e0f658397f1380dbd4277d6883c46,c7909e37d64caddc6e8e2973db9f9605f0dad6b0,40673bf56a762a695f6585cc6e86691a39dee076,left,"-0,0","+67,1",a/lib/actor/post-render.js,b/lib/actor/post-render.js
95ee769a09ebbaaf3d7b1ca8c528f6c5122481b5,217c75d29c6e0f658397f1380dbd4277d6883c46,c7909e37d64caddc6e8e2973db9f9605f0dad6b0,40673bf56a762a695f6585cc6e86691a39dee076,right,"-0,0","+69,1",a/lib/actor/post-render.js,b/lib/actor/post-render.js
c7909e37d64caddc6e8e2973db9f9605f0dad6b0,217c75d29c6e0f658397f1380dbd4277d6883c46,c7909e37d64caddc6e8e2973db9f9605f0dad6b0,40673bf56a762a695f6585cc6e86691a39dee076,left,"-0,0","+6,1",a/lib/actor/render.js,b/lib/actor/render.js
95ee769a09ebbaaf3d7b1ca8c528f6c5122481b5,217c75d29c6e0f658397f1380dbd4277d6883c46,c7909e37d64caddc6e8e2973db9f9605f0dad6b0,40673bf56a762a695f6585cc6e86691a39dee076,right,"-0,0","+6,1",a/lib/actor/render.js,b/lib/actor/render.js
c7909e37d64caddc6e8e2973db9f9605f0dad6b0,217c75d29c6e0f658397f1380dbd4277d6883c46,c7909e37d64caddc6e8e2973db9f9605f0dad6b0,40673bf56a762a695f6585cc6e86691a39dee076,left,"-0,0","+22,1",a/lib/actor/render.js,b/lib/actor/render.js
95ee769a09ebbaaf3d7b1ca8c528f6c5122481b5,217c75d29c6e0f658397f1380dbd4277d6883c46,c7909e37d64caddc6e8e2973db9f9605f0dad6b0,40673bf56a762a695f6585cc6e86691a39dee076,right,"-0,0","+22,1",a/lib/actor/render.js,b/lib/actor/render.js
c7909e37d64caddc6e8e2973db9f9605f0dad6b0,217c75d29c6e0f658397f1380dbd4277d6883c46,c7909e37d64caddc6e8e2973db9f9605f0dad6b0,40673bf56a762a695f6585cc6e86691a39dee076,left,"-0,0","+33,1",a/lib/actor/render.js,b/lib/actor/render.js
95ee769a09ebbaaf3d7b1ca8c528f6c5122481b5,217c75d29c6e0f658397f1380dbd4277d6883c46,c7909e37d64caddc6e8e2973db9f9605f0dad6b0,40673bf56a762a695f6585cc6e86691a39dee076,right,"-0,0","+33,1",a/lib/actor/render.js,b/lib/actor/render.js
c7909e37d64caddc6e8e2973db9f9605f0dad6b0,217c75d29c6e0f658397f1380dbd4277d6883c46,c7909e37d64caddc6e8e2973db9f9605f0dad6b0,40673bf56a762a695f6585cc6e86691a39dee076,left,"-0,0","+44,1",a/lib/actor/render.js,b/lib/actor/render.js
95ee769a09ebbaaf3d7b1ca8c528f6c5122481b5,217c75d29c6e0f658397f1380dbd4277d6883c46,c7909e37d64caddc6e8e2973db9f9605f0dad6b0,40673bf56a762a695f6585cc6e86691a39dee076,right,"-0,0","+44,1",a/lib/actor/render.js,b/lib/actor/render.js
4a52bb6c7fba3f87974421713927b932b7eb5270,8d70d89675fc047a5cb4518e4ce762bd3565d87a,9015af5d024502e46cef746abc5982f897816ba0,029c8e9891af6064ba37c67bfa1bef6a4b41ef7c,left,"-7,3","+7,1",a/lib/actions/Simulate.js,b/lib/actions/Simulate.js
3efdbb5497cf2653b78dc94598a6c082ddb56797,8d70d89675fc047a5cb4518e4ce762bd3565d87a,9015af5d024502e46cef746abc5982f897816ba0,029c8e9891af6064ba37c67bfa1bef6a4b41ef7c,right,"-7,3","+7,3",a/lib/actions/Simulate.js,b/lib/actions/Simulate.js
4a52bb6c7fba3f87974421713927b932b7eb5270,8d70d89675fc047a5cb4518e4ce762bd3565d87a,9015af5d024502e46cef746abc5982f897816ba0,029c8e9891af6064ba37c67bfa1bef6a4b41ef7c,left,"-7,3","+7,1",a/lib/actions/Track.js,b/lib/actions/Track.js
3efdbb5497cf2653b78dc94598a6c082ddb56797,8d70d89675fc047a5cb4518e4ce762bd3565d87a,9015af5d024502e46cef746abc5982f897816ba0,029c8e9891af6064ba37c67bfa1bef6a4b41ef7c,right,"-7,3","+7,3",a/lib/actions/Track.js,b/lib/actions/Track.js
4a52bb6c7fba3f87974421713927b932b7eb5270,8d70d89675fc047a5cb4518e4ce762bd3565d87a,9015af5d024502e46cef746abc5982f897816ba0,029c8e9891af6064ba37c67bfa1bef6a4b41ef7c,left,"-7,3","+7,1",a/lib/actions/Tween.js,b/lib/actions/Tween.js
3efdbb5497cf2653b78dc94598a6c082ddb56797,8d70d89675fc047a5cb4518e4ce762bd3565d87a,9015af5d024502e46cef746abc5982f897816ba0,029c8e9891af6064ba37c67bfa1bef6a4b41ef7c,right,"-7,3","+7,3",a/lib/actions/Tween.js,b/lib/actions/Tween.js
4a52bb6c7fba3f87974421713927b932b7eb5270,8d70d89675fc047a5cb4518e4ce762bd3565d87a,9015af5d024502e46cef746abc5982f897816ba0,029c8e9891af6064ba37c67bfa1bef6a4b41ef7c,left,"-9,1","+9,1",a/lib/actions/Watch.js,b/lib/actions/Watch.js
3efdbb5497cf2653b78dc94598a6c082ddb56797,8d70d89675fc047a5cb4518e4ce762bd3565d87a,9015af5d024502e46cef746abc5982f897816ba0,029c8e9891af6064ba37c67bfa1bef6a4b41ef7c,right,"-9,1","+9,1",a/lib/actions/Watch.js,b/lib/actions/Watch.js
4a52bb6c7fba3f87974421713927b932b7eb5270,8d70d89675fc047a5cb4518e4ce762bd3565d87a,9015af5d024502e46cef746abc5982f897816ba0,029c8e9891af6064ba37c67bfa1bef6a4b41ef7c,left,"-7,3","+7,1",a/lib/actions/tween/TweenControls.js,b/lib/actions/tween/TweenControls.js
3efdbb5497cf2653b78dc94598a6c082ddb56797,8d70d89675fc047a5cb4518e4ce762bd3565d87a,9015af5d024502e46cef746abc5982f897816ba0,029c8e9891af6064ba37c67bfa1bef6a4b41ef7c,right,"-7,3","+7,3",a/lib/actions/tween/TweenControls.js,b/lib/actions/tween/TweenControls.js
4a52bb6c7fba3f87974421713927b932b7eb5270,8d70d89675fc047a5cb4518e4ce762bd3565d87a,9015af5d024502e46cef746abc5982f897816ba0,029c8e9891af6064ba37c67bfa1bef6a4b41ef7c,left,"-7,3","+7,1",a/lib/sequence/Sequence.js,b/lib/sequence/Sequence.js
3efdbb5497cf2653b78dc94598a6c082ddb56797,8d70d89675fc047a5cb4518e4ce762bd3565d87a,9015af5d024502e46cef746abc5982f897816ba0,029c8e9891af6064ba37c67bfa1bef6a4b41ef7c,right,"-7,3","+7,3",a/lib/sequence/Sequence.js,b/lib/sequence/Sequence.js
9015af5d024502e46cef746abc5982f897816ba0,8d70d89675fc047a5cb4518e4ce762bd3565d87a,9015af5d024502e46cef746abc5982f897816ba0,029c8e9891af6064ba37c67bfa1bef6a4b41ef7c,left,"-1,1","+1,1",a/meteor/spoof-window.js,b/meteor/spoof-window.js
3efdbb5497cf2653b78dc94598a6c082ddb56797,8d70d89675fc047a5cb4518e4ce762bd3565d87a,9015af5d024502e46cef746abc5982f897816ba0,029c8e9891af6064ba37c67bfa1bef6a4b41ef7c,right,"-1,1","+1,1",a/meteor/spoof-window.js,b/meteor/spoof-window.js
9015af5d024502e46cef746abc5982f897816ba0,8d70d89675fc047a5cb4518e4ce762bd3565d87a,9015af5d024502e46cef746abc5982f897816ba0,029c8e9891af6064ba37c67bfa1bef6a4b41ef7c,left,"-1,5078","+1,5159",a/popmotion.global.js,b/popmotion.global.js
4a52bb6c7fba3f87974421713927b932b7eb5270,8d70d89675fc047a5cb4518e4ce762bd3565d87a,9015af5d024502e46cef746abc5982f897816ba0,029c8e9891af6064ba37c67bfa1bef6a4b41ef7c,left,"-1,5210","+1,5078",a/popmotion.global.js,b/popmotion.global.js
0beccbe28d83d59d60ba1c881d9c4c911b41985b,8d70d89675fc047a5cb4518e4ce762bd3565d87a,9015af5d024502e46cef746abc5982f897816ba0,029c8e9891af6064ba37c67bfa1bef6a4b41ef7c,left,"-1,5165","+1,5214",a/popmotion.global.js,b/popmotion.global.js
727bfba75961a9aa7daacef17352d9fbe2249128,8d70d89675fc047a5cb4518e4ce762bd3565d87a,9015af5d024502e46cef746abc5982f897816ba0,029c8e9891af6064ba37c67bfa1bef6a4b41ef7c,left,"-1,5165","+1,5165",a/popmotion.global.js,b/popmotion.global.js
368f69aa19101822bb742180b0d09ff7f1c71ff8,8d70d89675fc047a5cb4518e4ce762bd3565d87a,9015af5d024502e46cef746abc5982f897816ba0,029c8e9891af6064ba37c67bfa1bef6a4b41ef7c,left,"-1,5204","+1,5165",a/popmotion.global.js,b/popmotion.global.js
3efdbb5497cf2653b78dc94598a6c082ddb56797,8d70d89675fc047a5cb4518e4ce762bd3565d87a,9015af5d024502e46cef746abc5982f897816ba0,029c8e9891af6064ba37c67bfa1bef6a4b41ef7c,right,"-1,5200","+1,5200",a/popmotion.global.js,b/popmotion.global.js
9015af5d024502e46cef746abc5982f897816ba0,8d70d89675fc047a5cb4518e4ce762bd3565d87a,9015af5d024502e46cef746abc5982f897816ba0,029c8e9891af6064ba37c67bfa1bef6a4b41ef7c,left,"-1,2","+1,2",a/popmotion.global.min.js,b/popmotion.global.min.js
4a52bb6c7fba3f87974421713927b932b7eb5270,8d70d89675fc047a5cb4518e4ce762bd3565d87a,9015af5d024502e46cef746abc5982f897816ba0,029c8e9891af6064ba37c67bfa1bef6a4b41ef7c,left,"-1,2","+1,2",a/popmotion.global.min.js,b/popmotion.global.min.js
0beccbe28d83d59d60ba1c881d9c4c911b41985b,8d70d89675fc047a5cb4518e4ce762bd3565d87a,9015af5d024502e46cef746abc5982f897816ba0,029c8e9891af6064ba37c67bfa1bef6a4b41ef7c,left,"-1,2","+1,2",a/popmotion.global.min.js,b/popmotion.global.min.js
368f69aa19101822bb742180b0d09ff7f1c71ff8,8d70d89675fc047a5cb4518e4ce762bd3565d87a,9015af5d024502e46cef746abc5982f897816ba0,029c8e9891af6064ba37c67bfa1bef6a4b41ef7c,left,"-1,2","+1,2",a/popmotion.global.min.js,b/popmotion.global.min.js
3efdbb5497cf2653b78dc94598a6c082ddb56797,8d70d89675fc047a5cb4518e4ce762bd3565d87a,9015af5d024502e46cef746abc5982f897816ba0,029c8e9891af6064ba37c67bfa1bef6a4b41ef7c,right,"-1,2","+1,2",a/popmotion.global.min.js,b/popmotion.global.min.js
0beccbe28d83d59d60ba1c881d9c4c911b41985b,3304047188dcca8c7e4c1171e5fe5cff0fcc40c0,6f47f9b926a99475de66b66103ead636c9738d4c,b32a4d5bee31ddd00f0bbe9a9bd075f04d03fda4,left,"-5165,1","+5214,1",a/popmotion.global.js,b/popmotion.global.js
727bfba75961a9aa7daacef17352d9fbe2249128,3304047188dcca8c7e4c1171e5fe5cff0fcc40c0,6f47f9b926a99475de66b66103ead636c9738d4c,b32a4d5bee31ddd00f0bbe9a9bd075f04d03fda4,left,"-5165,1","+5165,1",a/popmotion.global.js,b/popmotion.global.js
368f69aa19101822bb742180b0d09ff7f1c71ff8,3304047188dcca8c7e4c1171e5fe5cff0fcc40c0,6f47f9b926a99475de66b66103ead636c9738d4c,b32a4d5bee31ddd00f0bbe9a9bd075f04d03fda4,left,"-5204,1","+5165,1",a/popmotion.global.js,b/popmotion.global.js
fec89417ef4070565ca46fff7d37c830c9b2a7e2,3304047188dcca8c7e4c1171e5fe5cff0fcc40c0,6f47f9b926a99475de66b66103ead636c9738d4c,b32a4d5bee31ddd00f0bbe9a9bd075f04d03fda4,right,"-5204,1","+5200,1",a/popmotion.global.js,b/popmotion.global.js
0beccbe28d83d59d60ba1c881d9c4c911b41985b,3304047188dcca8c7e4c1171e5fe5cff0fcc40c0,6f47f9b926a99475de66b66103ead636c9738d4c,b32a4d5bee31ddd00f0bbe9a9bd075f04d03fda4,left,"-1,2","+1,2",a/popmotion.global.min.js,b/popmotion.global.min.js
368f69aa19101822bb742180b0d09ff7f1c71ff8,3304047188dcca8c7e4c1171e5fe5cff0fcc40c0,6f47f9b926a99475de66b66103ead636c9738d4c,b32a4d5bee31ddd00f0bbe9a9bd075f04d03fda4,left,"-1,2","+1,2",a/popmotion.global.min.js,b/popmotion.global.min.js
fec89417ef4070565ca46fff7d37c830c9b2a7e2,3304047188dcca8c7e4c1171e5fe5cff0fcc40c0,6f47f9b926a99475de66b66103ead636c9738d4c,b32a4d5bee31ddd00f0bbe9a9bd075f04d03fda4,right,"-1,2","+1,2",a/popmotion.global.min.js,b/popmotion.global.min.js
8caf1803821275b859c7075089f2c2a08d4e5abf,9c50e97e82794215e7ef970134d88a0572bd4723,8caf1803821275b859c7075089f2c2a08d4e5abf,54dffde94303d5940488be83b2184ede5e33014d,left,"-5234,1","+5251,1",a/popmotion.global.js,b/popmotion.global.js
7f34d9ee2607441d0d6fbd674af912babc2cdfca,9c50e97e82794215e7ef970134d88a0572bd4723,8caf1803821275b859c7075089f2c2a08d4e5abf,54dffde94303d5940488be83b2184ede5e33014d,right,"-5240,1","+5238,1",a/popmotion.global.js,b/popmotion.global.js
152c3bfd9a8c7db690bca7d55beb65df827dd4ff,9c50e97e82794215e7ef970134d88a0572bd4723,8caf1803821275b859c7075089f2c2a08d4e5abf,54dffde94303d5940488be83b2184ede5e33014d,right,"-5235,1","+5240,1",a/popmotion.global.js,b/popmotion.global.js
8caf1803821275b859c7075089f2c2a08d4e5abf,9c50e97e82794215e7ef970134d88a0572bd4723,8caf1803821275b859c7075089f2c2a08d4e5abf,54dffde94303d5940488be83b2184ede5e33014d,left,"-1,2","+1,2",a/popmotion.global.min.js,b/popmotion.global.min.js
7f34d9ee2607441d0d6fbd674af912babc2cdfca,9c50e97e82794215e7ef970134d88a0572bd4723,8caf1803821275b859c7075089f2c2a08d4e5abf,54dffde94303d5940488be83b2184ede5e33014d,right,"-1,2","+1,2",a/popmotion.global.min.js,b/popmotion.global.min.js
152c3bfd9a8c7db690bca7d55beb65df827dd4ff,9c50e97e82794215e7ef970134d88a0572bd4723,8caf1803821275b859c7075089f2c2a08d4e5abf,54dffde94303d5940488be83b2184ede5e33014d,right,"-1,2","+1,2",a/popmotion.global.min.js,b/popmotion.global.min.js
cfe7c127ae4d9dabbd95ec5bc519093a2825f5c3,44514af123720e3bb83f783d4cb6cf61efa954ba,aee764d6ba212a419cacdae01f023d8ad6b23bd7,d172c873a47dfc0780c88013cdd58f74c2e73efc,left,"-342,2","+344,2",a/popmotion.global.js,b/popmotion.global.js
b100559ad3c14400d427c80bc3b7a6b75e4360bd,44514af123720e3bb83f783d4cb6cf61efa954ba,aee764d6ba212a419cacdae01f023d8ad6b23bd7,d172c873a47dfc0780c88013cdd58f74c2e73efc,right,"-342,2","+342,2",a/popmotion.global.js,b/popmotion.global.js
cfe7c127ae4d9dabbd95ec5bc519093a2825f5c3,44514af123720e3bb83f783d4cb6cf61efa954ba,aee764d6ba212a419cacdae01f023d8ad6b23bd7,d172c873a47dfc0780c88013cdd58f74c2e73efc,left,"-385,2","+387,2",a/popmotion.global.js,b/popmotion.global.js
b100559ad3c14400d427c80bc3b7a6b75e4360bd,44514af123720e3bb83f783d4cb6cf61efa954ba,aee764d6ba212a419cacdae01f023d8ad6b23bd7,d172c873a47dfc0780c88013cdd58f74c2e73efc,right,"-385,2","+385,2",a/popmotion.global.js,b/popmotion.global.js
cfe7c127ae4d9dabbd95ec5bc519093a2825f5c3,44514af123720e3bb83f783d4cb6cf61efa954ba,aee764d6ba212a419cacdae01f023d8ad6b23bd7,d172c873a47dfc0780c88013cdd58f74c2e73efc,left,"-448,3","+450,3",a/popmotion.global.js,b/popmotion.global.js
b100559ad3c14400d427c80bc3b7a6b75e4360bd,44514af123720e3bb83f783d4cb6cf61efa954ba,aee764d6ba212a419cacdae01f023d8ad6b23bd7,d172c873a47dfc0780c88013cdd58f74c2e73efc,right,"-448,3","+448,3",a/popmotion.global.js,b/popmotion.global.js
cfe7c127ae4d9dabbd95ec5bc519093a2825f5c3,44514af123720e3bb83f783d4cb6cf61efa954ba,aee764d6ba212a419cacdae01f023d8ad6b23bd7,d172c873a47dfc0780c88013cdd58f74c2e73efc,left,"-552,2","+554,1",a/popmotion.global.js,b/popmotion.global.js
88ddc7696f504f988d46c2b56af0dc29baf791e9,44514af123720e3bb83f783d4cb6cf61efa954ba,aee764d6ba212a419cacdae01f023d8ad6b23bd7,d172c873a47dfc0780c88013cdd58f74c2e73efc,left,"-583,2","+583,2",a/popmotion.global.js,b/popmotion.global.js
cfe7c127ae4d9dabbd95ec5bc519093a2825f5c3,44514af123720e3bb83f783d4cb6cf61efa954ba,aee764d6ba212a419cacdae01f023d8ad6b23bd7,d172c873a47dfc0780c88013cdd58f74c2e73efc,left,"-581,3","+583,2",a/popmotion.global.js,b/popmotion.global.js
88ddc7696f504f988d46c2b56af0dc29baf791e9,44514af123720e3bb83f783d4cb6cf61efa954ba,aee764d6ba212a419cacdae01f023d8ad6b23bd7,d172c873a47dfc0780c88013cdd58f74c2e73efc,left,"-661,1","+661,1",a/popmotion.global.js,b/popmotion.global.js
f0a188e67ad70e7bbec16724ac53a51f76c34559,44514af123720e3bb83f783d4cb6cf61efa954ba,aee764d6ba212a419cacdae01f023d8ad6b23bd7,d172c873a47dfc0780c88013cdd58f74c2e73efc,left,"-661,1","+661,1",a/popmotion.global.js,b/popmotion.global.js
cfe7c127ae4d9dabbd95ec5bc519093a2825f5c3,44514af123720e3bb83f783d4cb6cf61efa954ba,aee764d6ba212a419cacdae01f023d8ad6b23bd7,d172c873a47dfc0780c88013cdd58f74c2e73efc,left,"-659,2","+661,1",a/popmotion.global.js,b/popmotion.global.js
88ddc7696f504f988d46c2b56af0dc29baf791e9,44514af123720e3bb83f783d4cb6cf61efa954ba,aee764d6ba212a419cacdae01f023d8ad6b23bd7,d172c873a47dfc0780c88013cdd58f74c2e73efc,left,"-837,6","+837,6",a/popmotion.global.js,b/popmotion.global.js
cfe7c127ae4d9dabbd95ec5bc519093a2825f5c3,44514af123720e3bb83f783d4cb6cf61efa954ba,aee764d6ba212a419cacdae01f023d8ad6b23bd7,d172c873a47dfc0780c88013cdd58f74c2e73efc,left,"-835,6","+837,6",a/popmotion.global.js,b/popmotion.global.js
b100559ad3c14400d427c80bc3b7a6b75e4360bd,44514af123720e3bb83f783d4cb6cf61efa954ba,aee764d6ba212a419cacdae01f023d8ad6b23bd7,d172c873a47dfc0780c88013cdd58f74c2e73efc,right,"-835,6","+835,6",a/popmotion.global.js,b/popmotion.global.js
88ddc7696f504f988d46c2b56af0dc29baf791e9,44514af123720e3bb83f783d4cb6cf61efa954ba,aee764d6ba212a419cacdae01f023d8ad6b23bd7,d172c873a47dfc0780c88013cdd58f74c2e73efc,left,"-1330,3","+1331,3",a/popmotion.global.js,b/popmotion.global.js
cfe7c127ae4d9dabbd95ec5bc519093a2825f5c3,44514af123720e3bb83f783d4cb6cf61efa954ba,aee764d6ba212a419cacdae01f023d8ad6b23bd7,d172c873a47dfc0780c88013cdd58f74c2e73efc,left,"-1240,3","+1336,3",a/popmotion.global.js,b/popmotion.global.js
b100559ad3c14400d427c80bc3b7a6b75e4360bd,44514af123720e3bb83f783d4cb6cf61efa954ba,aee764d6ba212a419cacdae01f023d8ad6b23bd7,d172c873a47dfc0780c88013cdd58f74c2e73efc,right,"-1244,3","+1244,3",a/popmotion.global.js,b/popmotion.global.js
cfe7c127ae4d9dabbd95ec5bc519093a2825f5c3,44514af123720e3bb83f783d4cb6cf61efa954ba,aee764d6ba212a419cacdae01f023d8ad6b23bd7,d172c873a47dfc0780c88013cdd58f74c2e73efc,left,"-1368,2","+1464,1",a/popmotion.global.js,b/popmotion.global.js
cfe7c127ae4d9dabbd95ec5bc519093a2825f5c3,44514af123720e3bb83f783d4cb6cf61efa954ba,aee764d6ba212a419cacdae01f023d8ad6b23bd7,d172c873a47dfc0780c88013cdd58f74c2e73efc,left,"-1791,2","+1887,1",a/popmotion.global.js,b/popmotion.global.js
cfe7c127ae4d9dabbd95ec5bc519093a2825f5c3,44514af123720e3bb83f783d4cb6cf61efa954ba,aee764d6ba212a419cacdae01f023d8ad6b23bd7,d172c873a47dfc0780c88013cdd58f74c2e73efc,left,"-1934,3","+2030,2",a/popmotion.global.js,b/popmotion.global.js
ef84bb73a1d7fe51920fe6dd302fe7ee720bc882,44514af123720e3bb83f783d4cb6cf61efa954ba,aee764d6ba212a419cacdae01f023d8ad6b23bd7,d172c873a47dfc0780c88013cdd58f74c2e73efc,left,"-2270,4","+2270,4",a/popmotion.global.js,b/popmotion.global.js
4ef4c07d38711baf47a5de806fa864bbd96103b6,44514af123720e3bb83f783d4cb6cf61efa954ba,aee764d6ba212a419cacdae01f023d8ad6b23bd7,d172c873a47dfc0780c88013cdd58f74c2e73efc,left,"-2238,4","+2270,4",a/popmotion.global.js,b/popmotion.global.js
88ddc7696f504f988d46c2b56af0dc29baf791e9,44514af123720e3bb83f783d4cb6cf61efa954ba,aee764d6ba212a419cacdae01f023d8ad6b23bd7,d172c873a47dfc0780c88013cdd58f74c2e73efc,left,"-2232,4","+2234,4",a/popmotion.global.js,b/popmotion.global.js
f0a188e67ad70e7bbec16724ac53a51f76c34559,44514af123720e3bb83f783d4cb6cf61efa954ba,aee764d6ba212a419cacdae01f023d8ad6b23bd7,d172c873a47dfc0780c88013cdd58f74c2e73efc,left,"-2238,4","+2232,4",a/popmotion.global.js,b/popmotion.global.js
cfe7c127ae4d9dabbd95ec5bc519093a2825f5c3,44514af123720e3bb83f783d4cb6cf61efa954ba,aee764d6ba212a419cacdae01f023d8ad6b23bd7,d172c873a47dfc0780c88013cdd58f74c2e73efc,left,"-2142,4","+2238,4",a/popmotion.global.js,b/popmotion.global.js
b100559ad3c14400d427c80bc3b7a6b75e4360bd,44514af123720e3bb83f783d4cb6cf61efa954ba,aee764d6ba212a419cacdae01f023d8ad6b23bd7,d172c873a47dfc0780c88013cdd58f74c2e73efc,right,"-2146,4","+2146,4",a/popmotion.global.js,b/popmotion.global.js
8cb7fecd380d034ba7a78ed86d8c5fda9e90afe2,44514af123720e3bb83f783d4cb6cf61efa954ba,aee764d6ba212a419cacdae01f023d8ad6b23bd7,d172c873a47dfc0780c88013cdd58f74c2e73efc,left,"-2824,21","+2824,23",a/popmotion.global.js,b/popmotion.global.js
e34da6f5c16a03c188bb451481d22052b771efff,44514af123720e3bb83f783d4cb6cf61efa954ba,aee764d6ba212a419cacdae01f023d8ad6b23bd7,d172c873a47dfc0780c88013cdd58f74c2e73efc,left,"-2823,17","+2824,21",a/popmotion.global.js,b/popmotion.global.js
ef84bb73a1d7fe51920fe6dd302fe7ee720bc882,44514af123720e3bb83f783d4cb6cf61efa954ba,aee764d6ba212a419cacdae01f023d8ad6b23bd7,d172c873a47dfc0780c88013cdd58f74c2e73efc,left,"-2792,17","+2792,17",a/popmotion.global.js,b/popmotion.global.js
88ddc7696f504f988d46c2b56af0dc29baf791e9,44514af123720e3bb83f783d4cb6cf61efa954ba,aee764d6ba212a419cacdae01f023d8ad6b23bd7,d172c873a47dfc0780c88013cdd58f74c2e73efc,left,"-2744,17","+2746,17",a/popmotion.global.js,b/popmotion.global.js
cfe7c127ae4d9dabbd95ec5bc519093a2825f5c3,44514af123720e3bb83f783d4cb6cf61efa954ba,aee764d6ba212a419cacdae01f023d8ad6b23bd7,d172c873a47dfc0780c88013cdd58f74c2e73efc,left,"-2654,17","+2750,17",a/popmotion.global.js,b/popmotion.global.js
b100559ad3c14400d427c80bc3b7a6b75e4360bd,44514af123720e3bb83f783d4cb6cf61efa954ba,aee764d6ba212a419cacdae01f023d8ad6b23bd7,d172c873a47dfc0780c88013cdd58f74c2e73efc,right,"-2668,17","+2668,17",a/popmotion.global.js,b/popmotion.global.js
b100559ad3c14400d427c80bc3b7a6b75e4360bd,44514af123720e3bb83f783d4cb6cf61efa954ba,aee764d6ba212a419cacdae01f023d8ad6b23bd7,d172c873a47dfc0780c88013cdd58f74c2e73efc,right,"-2879,4","+2879,10",a/popmotion.global.js,b/popmotion.global.js
cfe7c127ae4d9dabbd95ec5bc519093a2825f5c3,44514af123720e3bb83f783d4cb6cf61efa954ba,aee764d6ba212a419cacdae01f023d8ad6b23bd7,d172c873a47dfc0780c88013cdd58f74c2e73efc,left,"-3129,10","+3225,10",a/popmotion.global.js,b/popmotion.global.js
cfe7c127ae4d9dabbd95ec5bc519093a2825f5c3,44514af123720e3bb83f783d4cb6cf61efa954ba,aee764d6ba212a419cacdae01f023d8ad6b23bd7,d172c873a47dfc0780c88013cdd58f74c2e73efc,left,"-3143,2","+3240,1",a/popmotion.global.js,b/popmotion.global.js
cfe7c127ae4d9dabbd95ec5bc519093a2825f5c3,44514af123720e3bb83f783d4cb6cf61efa954ba,aee764d6ba212a419cacdae01f023d8ad6b23bd7,d172c873a47dfc0780c88013cdd58f74c2e73efc,left,"-3258,2","+3369,1",a/popmotion.global.js,b/popmotion.global.js
cfe7c127ae4d9dabbd95ec5bc519093a2825f5c3,44514af123720e3bb83f783d4cb6cf61efa954ba,aee764d6ba212a419cacdae01f023d8ad6b23bd7,d172c873a47dfc0780c88013cdd58f74c2e73efc,left,"-3426,2","+3595,1",a/popmotion.global.js,b/popmotion.global.js
cfe7c127ae4d9dabbd95ec5bc519093a2825f5c3,44514af123720e3bb83f783d4cb6cf61efa954ba,aee764d6ba212a419cacdae01f023d8ad6b23bd7,d172c873a47dfc0780c88013cdd58f74c2e73efc,left,"-3609,2","+3778,1",a/popmotion.global.js,b/popmotion.global.js
ef84bb73a1d7fe51920fe6dd302fe7ee720bc882,44514af123720e3bb83f783d4cb6cf61efa954ba,aee764d6ba212a419cacdae01f023d8ad6b23bd7,d172c873a47dfc0780c88013cdd58f74c2e73efc,left,"-4376,1","+4378,1",a/popmotion.global.js,b/popmotion.global.js
aee764d6ba212a419cacdae01f023d8ad6b23bd7,44514af123720e3bb83f783d4cb6cf61efa954ba,aee764d6ba212a419cacdae01f023d8ad6b23bd7,d172c873a47dfc0780c88013cdd58f74c2e73efc,left,"-5231,1","+5232,1",a/popmotion.global.js,b/popmotion.global.js
8cb7fecd380d034ba7a78ed86d8c5fda9e90afe2,44514af123720e3bb83f783d4cb6cf61efa954ba,aee764d6ba212a419cacdae01f023d8ad6b23bd7,d172c873a47dfc0780c88013cdd58f74c2e73efc,left,"-5229,1","+5231,1",a/popmotion.global.js,b/popmotion.global.js
e34da6f5c16a03c188bb451481d22052b771efff,44514af123720e3bb83f783d4cb6cf61efa954ba,aee764d6ba212a419cacdae01f023d8ad6b23bd7,d172c873a47dfc0780c88013cdd58f74c2e73efc,left,"-5224,1","+5229,1",a/popmotion.global.js,b/popmotion.global.js
867c74a915b82fbb3c362dbc0e3c5ad4f9b5ea68,44514af123720e3bb83f783d4cb6cf61efa954ba,aee764d6ba212a419cacdae01f023d8ad6b23bd7,d172c873a47dfc0780c88013cdd58f74c2e73efc,left,"-5193,1","+5224,1",a/popmotion.global.js,b/popmotion.global.js
ef84bb73a1d7fe51920fe6dd302fe7ee720bc882,44514af123720e3bb83f783d4cb6cf61efa954ba,aee764d6ba212a419cacdae01f023d8ad6b23bd7,d172c873a47dfc0780c88013cdd58f74c2e73efc,left,"-5193,1","+5193,1",a/popmotion.global.js,b/popmotion.global.js
4ef4c07d38711baf47a5de806fa864bbd96103b6,44514af123720e3bb83f783d4cb6cf61efa954ba,aee764d6ba212a419cacdae01f023d8ad6b23bd7,d172c873a47dfc0780c88013cdd58f74c2e73efc,left,"-5161,1","+5193,1",a/popmotion.global.js,b/popmotion.global.js
88ddc7696f504f988d46c2b56af0dc29baf791e9,44514af123720e3bb83f783d4cb6cf61efa954ba,aee764d6ba212a419cacdae01f023d8ad6b23bd7,d172c873a47dfc0780c88013cdd58f74c2e73efc,left,"-5144,1","+5146,1",a/popmotion.global.js,b/popmotion.global.js
f0a188e67ad70e7bbec16724ac53a51f76c34559,44514af123720e3bb83f783d4cb6cf61efa954ba,aee764d6ba212a419cacdae01f023d8ad6b23bd7,d172c873a47dfc0780c88013cdd58f74c2e73efc,left,"-5150,1","+5144,1",a/popmotion.global.js,b/popmotion.global.js
cfe7c127ae4d9dabbd95ec5bc519093a2825f5c3,44514af123720e3bb83f783d4cb6cf61efa954ba,aee764d6ba212a419cacdae01f023d8ad6b23bd7,d172c873a47dfc0780c88013cdd58f74c2e73efc,left,"-5054,1","+5150,1",a/popmotion.global.js,b/popmotion.global.js
b100559ad3c14400d427c80bc3b7a6b75e4360bd,44514af123720e3bb83f783d4cb6cf61efa954ba,aee764d6ba212a419cacdae01f023d8ad6b23bd7,d172c873a47dfc0780c88013cdd58f74c2e73efc,right,"-5069,1","+5069,1",a/popmotion.global.js,b/popmotion.global.js
aee764d6ba212a419cacdae01f023d8ad6b23bd7,44514af123720e3bb83f783d4cb6cf61efa954ba,aee764d6ba212a419cacdae01f023d8ad6b23bd7,d172c873a47dfc0780c88013cdd58f74c2e73efc,left,"-1,2","+1,2",a/popmotion.global.min.js,b/popmotion.global.min.js
8cb7fecd380d034ba7a78ed86d8c5fda9e90afe2,44514af123720e3bb83f783d4cb6cf61efa954ba,aee764d6ba212a419cacdae01f023d8ad6b23bd7,d172c873a47dfc0780c88013cdd58f74c2e73efc,left,"-1,2","+1,2",a/popmotion.global.min.js,b/popmotion.global.min.js
e34da6f5c16a03c188bb451481d22052b771efff,44514af123720e3bb83f783d4cb6cf61efa954ba,aee764d6ba212a419cacdae01f023d8ad6b23bd7,d172c873a47dfc0780c88013cdd58f74c2e73efc,left,"-1,2","+1,2",a/popmotion.global.min.js,b/popmotion.global.min.js
867c74a915b82fbb3c362dbc0e3c5ad4f9b5ea68,44514af123720e3bb83f783d4cb6cf61efa954ba,aee764d6ba212a419cacdae01f023d8ad6b23bd7,d172c873a47dfc0780c88013cdd58f74c2e73efc,left,"-1,2","+1,2",a/popmotion.global.min.js,b/popmotion.global.min.js
ef84bb73a1d7fe51920fe6dd302fe7ee720bc882,44514af123720e3bb83f783d4cb6cf61efa954ba,aee764d6ba212a419cacdae01f023d8ad6b23bd7,d172c873a47dfc0780c88013cdd58f74c2e73efc,left,"-1,2","+1,2",a/popmotion.global.min.js,b/popmotion.global.min.js
f0a188e67ad70e7bbec16724ac53a51f76c34559,44514af123720e3bb83f783d4cb6cf61efa954ba,aee764d6ba212a419cacdae01f023d8ad6b23bd7,d172c873a47dfc0780c88013cdd58f74c2e73efc,left,"-1,2","+1,2",a/popmotion.global.min.js,b/popmotion.global.min.js
cfe7c127ae4d9dabbd95ec5bc519093a2825f5c3,44514af123720e3bb83f783d4cb6cf61efa954ba,aee764d6ba212a419cacdae01f023d8ad6b23bd7,d172c873a47dfc0780c88013cdd58f74c2e73efc,left,"-1,2","+1,2",a/popmotion.global.min.js,b/popmotion.global.min.js
b100559ad3c14400d427c80bc3b7a6b75e4360bd,44514af123720e3bb83f783d4cb6cf61efa954ba,aee764d6ba212a419cacdae01f023d8ad6b23bd7,d172c873a47dfc0780c88013cdd58f74c2e73efc,right,"-1,2","+1,2",a/popmotion.global.min.js,b/popmotion.global.min.js
88ddc7696f504f988d46c2b56af0dc29baf791e9,5e3eeb8f27251e9fa3884321004eaeb425ee44d1,88ddc7696f504f988d46c2b56af0dc29baf791e9,07218cdf9b1c67293cb86227e2c7e907cd75afa6,left,"-1136,1","+1136,1",a/popmotion.global.js,b/popmotion.global.js
3b0c74af3724274244786e6a43fdeb68e44c3e14,5e3eeb8f27251e9fa3884321004eaeb425ee44d1,88ddc7696f504f988d46c2b56af0dc29baf791e9,07218cdf9b1c67293cb86227e2c7e907cd75afa6,right,"-1134,1","+1138,1",a/popmotion.global.js,b/popmotion.global.js
88ddc7696f504f988d46c2b56af0dc29baf791e9,5e3eeb8f27251e9fa3884321004eaeb425ee44d1,88ddc7696f504f988d46c2b56af0dc29baf791e9,07218cdf9b1c67293cb86227e2c7e907cd75afa6,left,"-5144,1","+5146,1",a/popmotion.global.js,b/popmotion.global.js
f0a188e67ad70e7bbec16724ac53a51f76c34559,5e3eeb8f27251e9fa3884321004eaeb425ee44d1,88ddc7696f504f988d46c2b56af0dc29baf791e9,07218cdf9b1c67293cb86227e2c7e907cd75afa6,left,"-5150,1","+5144,1",a/popmotion.global.js,b/popmotion.global.js
cfe7c127ae4d9dabbd95ec5bc519093a2825f5c3,5e3eeb8f27251e9fa3884321004eaeb425ee44d1,88ddc7696f504f988d46c2b56af0dc29baf791e9,07218cdf9b1c67293cb86227e2c7e907cd75afa6,left,"-5054,1","+5150,1",a/popmotion.global.js,b/popmotion.global.js
3b0c74af3724274244786e6a43fdeb68e44c3e14,5e3eeb8f27251e9fa3884321004eaeb425ee44d1,88ddc7696f504f988d46c2b56af0dc29baf791e9,07218cdf9b1c67293cb86227e2c7e907cd75afa6,right,"-5054,1","+5069,1",a/popmotion.global.js,b/popmotion.global.js
f0a188e67ad70e7bbec16724ac53a51f76c34559,5e3eeb8f27251e9fa3884321004eaeb425ee44d1,88ddc7696f504f988d46c2b56af0dc29baf791e9,07218cdf9b1c67293cb86227e2c7e907cd75afa6,left,"-1,2","+1,2",a/popmotion.global.min.js,b/popmotion.global.min.js
cfe7c127ae4d9dabbd95ec5bc519093a2825f5c3,5e3eeb8f27251e9fa3884321004eaeb425ee44d1,88ddc7696f504f988d46c2b56af0dc29baf791e9,07218cdf9b1c67293cb86227e2c7e907cd75afa6,left,"-1,2","+1,2",a/popmotion.global.min.js,b/popmotion.global.min.js
3b0c74af3724274244786e6a43fdeb68e44c3e14,5e3eeb8f27251e9fa3884321004eaeb425ee44d1,88ddc7696f504f988d46c2b56af0dc29baf791e9,07218cdf9b1c67293cb86227e2c7e907cd75afa6,right,"-1,2","+1,2",a/popmotion.global.min.js,b/popmotion.global.min.js
928bd0e371bbe9dddd8398abb90dfe4295e33347,35def927ba05cfe44992f218c7445d95a7a517ce,928bd0e371bbe9dddd8398abb90dfe4295e33347,16473cafff83770d755e6fae967dce0bbb9b57cd,left,"-4985,1","+4990,1",a/popmotion.global.js,b/popmotion.global.js
928bd0e371bbe9dddd8398abb90dfe4295e33347,35def927ba05cfe44992f218c7445d95a7a517ce,928bd0e371bbe9dddd8398abb90dfe4295e33347,16473cafff83770d755e6fae967dce0bbb9b57cd,left,"-1,2","+1,2",a/popmotion.global.min.js,b/popmotion.global.min.js
37afd5ee24472a8c0be59db5a2d4f347bbc361eb,35def927ba05cfe44992f218c7445d95a7a517ce,928bd0e371bbe9dddd8398abb90dfe4295e33347,16473cafff83770d755e6fae967dce0bbb9b57cd,right,"-1,1","+1,1",a/popmotion.global.min.js,b/popmotion.global.min.js
350b09adf4be2d4d5d853c2aeca99a468b120fc6,ae5e3e9aa88fb925a2a3d6df638ab49e4f69c225,7c01d47306771cd20d7b3d5c234ef229cc29e9d5,60fdb140e8d2be4eff1c7b93fc2b91c77d78600b,left,"-0,0","+90,6",a/lib/actor/ActorCollection.js,b/lib/actor/ActorCollection.js
e7f4af2a81d8de3f4e6751f0146be15d7dc600fd,ae5e3e9aa88fb925a2a3d6df638ab49e4f69c225,7c01d47306771cd20d7b3d5c234ef229cc29e9d5,60fdb140e8d2be4eff1c7b93fc2b91c77d78600b,left,"-1,4546","+1,4382",a/popmotion.global.js,b/popmotion.global.js
2eb9fefbef1fe7445bc29bf71e6dbefabc59e398,ae5e3e9aa88fb925a2a3d6df638ab49e4f69c225,7c01d47306771cd20d7b3d5c234ef229cc29e9d5,60fdb140e8d2be4eff1c7b93fc2b91c77d78600b,left,"-1,4564","+1,4546",a/popmotion.global.js,b/popmotion.global.js
af802760e55202d614485132c617122c364959cd,ae5e3e9aa88fb925a2a3d6df638ab49e4f69c225,7c01d47306771cd20d7b3d5c234ef229cc29e9d5,60fdb140e8d2be4eff1c7b93fc2b91c77d78600b,left,"-1,4662","+1,4564",a/popmotion.global.js,b/popmotion.global.js
f41a005788dc37718a2a221d73295991cef46242,ae5e3e9aa88fb925a2a3d6df638ab49e4f69c225,7c01d47306771cd20d7b3d5c234ef229cc29e9d5,60fdb140e8d2be4eff1c7b93fc2b91c77d78600b,left,"-1,4471","+1,4662",a/popmotion.global.js,b/popmotion.global.js
c37ac485544ff82708ea0119f0cab472c45dbbfd,ae5e3e9aa88fb925a2a3d6df638ab49e4f69c225,7c01d47306771cd20d7b3d5c234ef229cc29e9d5,60fdb140e8d2be4eff1c7b93fc2b91c77d78600b,left,"-1,4463","+1,4471",a/popmotion.global.js,b/popmotion.global.js
1c68314fe3b24d310243107b1c4cecc5bed6ef6e,ae5e3e9aa88fb925a2a3d6df638ab49e4f69c225,7c01d47306771cd20d7b3d5c234ef229cc29e9d5,60fdb140e8d2be4eff1c7b93fc2b91c77d78600b,left,"-1,4463","+1,4463",a/popmotion.global.js,b/popmotion.global.js
272b2c26ff06f9283cf570b128983c8601a45d31,ae5e3e9aa88fb925a2a3d6df638ab49e4f69c225,7c01d47306771cd20d7b3d5c234ef229cc29e9d5,60fdb140e8d2be4eff1c7b93fc2b91c77d78600b,left,"-1,4404","+1,4410",a/popmotion.global.js,b/popmotion.global.js
00cfcb6d37e1f91a266566da5b391fb8d869c6d5,ae5e3e9aa88fb925a2a3d6df638ab49e4f69c225,7c01d47306771cd20d7b3d5c234ef229cc29e9d5,60fdb140e8d2be4eff1c7b93fc2b91c77d78600b,left,"-1,4292","+1,4404",a/popmotion.global.js,b/popmotion.global.js
bafa93c91d8ea3f2fa42d2d713adb4236e6684a8,ae5e3e9aa88fb925a2a3d6df638ab49e4f69c225,7c01d47306771cd20d7b3d5c234ef229cc29e9d5,60fdb140e8d2be4eff1c7b93fc2b91c77d78600b,left,"-1,4368","+1,4292",a/popmotion.global.js,b/popmotion.global.js
2c03375c4ed7d3611cf48327c8f94b00d8560316,ae5e3e9aa88fb925a2a3d6df638ab49e4f69c225,7c01d47306771cd20d7b3d5c234ef229cc29e9d5,60fdb140e8d2be4eff1c7b93fc2b91c77d78600b,left,"-1,4285","+1,4368",a/popmotion.global.js,b/popmotion.global.js
688549836df508e649348bf529e7251a5847210e,ae5e3e9aa88fb925a2a3d6df638ab49e4f69c225,7c01d47306771cd20d7b3d5c234ef229cc29e9d5,60fdb140e8d2be4eff1c7b93fc2b91c77d78600b,left,"-1,4228","+1,4285",a/popmotion.global.js,b/popmotion.global.js
109e31533a2a4e8236ce6c260d8995e93e89abb9,ae5e3e9aa88fb925a2a3d6df638ab49e4f69c225,7c01d47306771cd20d7b3d5c234ef229cc29e9d5,60fdb140e8d2be4eff1c7b93fc2b91c77d78600b,left,"-1,4228","+1,4228",a/popmotion.global.js,b/popmotion.global.js
2b24dbf879e84402c4d22dbe2dccf6e240f1c30b,ae5e3e9aa88fb925a2a3d6df638ab49e4f69c225,7c01d47306771cd20d7b3d5c234ef229cc29e9d5,60fdb140e8d2be4eff1c7b93fc2b91c77d78600b,left,"-1,4114","+1,4228",a/popmotion.global.js,b/popmotion.global.js
61b0fbcaed252fa63141516b9646455e1da0e242,ae5e3e9aa88fb925a2a3d6df638ab49e4f69c225,7c01d47306771cd20d7b3d5c234ef229cc29e9d5,60fdb140e8d2be4eff1c7b93fc2b91c77d78600b,left,"-1,4069","+1,4114",a/popmotion.global.js,b/popmotion.global.js
7d8fb4b76f6c3cfc314ce743feab1952bb7f6ed4,ae5e3e9aa88fb925a2a3d6df638ab49e4f69c225,7c01d47306771cd20d7b3d5c234ef229cc29e9d5,60fdb140e8d2be4eff1c7b93fc2b91c77d78600b,left,"-1,3913","+1,4069",a/popmotion.global.js,b/popmotion.global.js
cb5d793bd7860ca89a5e445f0b372eacdf5f0f76,ae5e3e9aa88fb925a2a3d6df638ab49e4f69c225,7c01d47306771cd20d7b3d5c234ef229cc29e9d5,60fdb140e8d2be4eff1c7b93fc2b91c77d78600b,left,"-1,4065","+1,3913",a/popmotion.global.js,b/popmotion.global.js
3ef15138ca3aff1c0716d8511076001ed24a81cc,ae5e3e9aa88fb925a2a3d6df638ab49e4f69c225,7c01d47306771cd20d7b3d5c234ef229cc29e9d5,60fdb140e8d2be4eff1c7b93fc2b91c77d78600b,left,"-1,4042","+1,4065",a/popmotion.global.js,b/popmotion.global.js
3235ad37239255726834e50462736efe7ac8d231,ae5e3e9aa88fb925a2a3d6df638ab49e4f69c225,7c01d47306771cd20d7b3d5c234ef229cc29e9d5,60fdb140e8d2be4eff1c7b93fc2b91c77d78600b,left,"-1,4044","+1,4042",a/popmotion.global.js,b/popmotion.global.js
f95262d15c5d24dcddb22aa2511de17103d25123,ae5e3e9aa88fb925a2a3d6df638ab49e4f69c225,7c01d47306771cd20d7b3d5c234ef229cc29e9d5,60fdb140e8d2be4eff1c7b93fc2b91c77d78600b,left,"-1,4042","+1,4044",a/popmotion.global.js,b/popmotion.global.js
736c7406095f0505e2fe3d04885c70e56dd82df8,ae5e3e9aa88fb925a2a3d6df638ab49e4f69c225,7c01d47306771cd20d7b3d5c234ef229cc29e9d5,60fdb140e8d2be4eff1c7b93fc2b91c77d78600b,left,"-1,3928","+1,4042",a/popmotion.global.js,b/popmotion.global.js
ef89b1caa76ea3f7c1d00900881ab2f7eb5cf086,ae5e3e9aa88fb925a2a3d6df638ab49e4f69c225,7c01d47306771cd20d7b3d5c234ef229cc29e9d5,60fdb140e8d2be4eff1c7b93fc2b91c77d78600b,left,"-1,3851","+1,3928",a/popmotion.global.js,b/popmotion.global.js
7ebc5ad2826cc3c76ec11c2007d1b2db18f79cee,ae5e3e9aa88fb925a2a3d6df638ab49e4f69c225,7c01d47306771cd20d7b3d5c234ef229cc29e9d5,60fdb140e8d2be4eff1c7b93fc2b91c77d78600b,left,"-1,4761","+1,3851",a/popmotion.global.js,b/popmotion.global.js
ac51bd3919ccd76ad277a0674143c71b965876df,ae5e3e9aa88fb925a2a3d6df638ab49e4f69c225,7c01d47306771cd20d7b3d5c234ef229cc29e9d5,60fdb140e8d2be4eff1c7b93fc2b91c77d78600b,left,"-1,4759","+1,4761",a/popmotion.global.js,b/popmotion.global.js
d70f8d2be81f0fb070318691465ab18fad0c18fa,ae5e3e9aa88fb925a2a3d6df638ab49e4f69c225,7c01d47306771cd20d7b3d5c234ef229cc29e9d5,60fdb140e8d2be4eff1c7b93fc2b91c77d78600b,left,"-1,4801","+1,4759",a/popmotion.global.js,b/popmotion.global.js
2335afe6770cb7f06cade822bfe4fb0a9822e18c,ae5e3e9aa88fb925a2a3d6df638ab49e4f69c225,7c01d47306771cd20d7b3d5c234ef229cc29e9d5,60fdb140e8d2be4eff1c7b93fc2b91c77d78600b,left,"-1,4736","+1,4801",a/popmotion.global.js,b/popmotion.global.js
058589d24a14be62a462e23a8d662eca92192199,ae5e3e9aa88fb925a2a3d6df638ab49e4f69c225,7c01d47306771cd20d7b3d5c234ef229cc29e9d5,60fdb140e8d2be4eff1c7b93fc2b91c77d78600b,left,"-1,4736","+1,4736",a/popmotion.global.js,b/popmotion.global.js
9f6d69a815e5670c33f6be9f3340e1edcdaef369,ae5e3e9aa88fb925a2a3d6df638ab49e4f69c225,7c01d47306771cd20d7b3d5c234ef229cc29e9d5,60fdb140e8d2be4eff1c7b93fc2b91c77d78600b,left,"-1,4726","+1,4736",a/popmotion.global.js,b/popmotion.global.js
71e5feb0fab60d2d754cfcf5340806d5ad0bf6a9,ae5e3e9aa88fb925a2a3d6df638ab49e4f69c225,7c01d47306771cd20d7b3d5c234ef229cc29e9d5,60fdb140e8d2be4eff1c7b93fc2b91c77d78600b,left,"-1,4559","+1,4726",a/popmotion.global.js,b/popmotion.global.js
f27d50fafc54c085468ad15f3f3fe6099fbdc252,ae5e3e9aa88fb925a2a3d6df638ab49e4f69c225,7c01d47306771cd20d7b3d5c234ef229cc29e9d5,60fdb140e8d2be4eff1c7b93fc2b91c77d78600b,left,"-1,4719","+1,4559",a/popmotion.global.js,b/popmotion.global.js
941fce5074cadffac96abba4716c0b79a6f32495,ae5e3e9aa88fb925a2a3d6df638ab49e4f69c225,7c01d47306771cd20d7b3d5c234ef229cc29e9d5,60fdb140e8d2be4eff1c7b93fc2b91c77d78600b,left,"-1,4726","+1,4719",a/popmotion.global.js,b/popmotion.global.js
681905c69c73dbf33e8a3b3b9e5758bf890d1418,ae5e3e9aa88fb925a2a3d6df638ab49e4f69c225,7c01d47306771cd20d7b3d5c234ef229cc29e9d5,60fdb140e8d2be4eff1c7b93fc2b91c77d78600b,left,"-1,4284","+1,4726",a/popmotion.global.js,b/popmotion.global.js
5de81911d110babefb8eefe9fd9d7e380957d9ed,ae5e3e9aa88fb925a2a3d6df638ab49e4f69c225,7c01d47306771cd20d7b3d5c234ef229cc29e9d5,60fdb140e8d2be4eff1c7b93fc2b91c77d78600b,left,"-1,4402","+1,4284",a/popmotion.global.js,b/popmotion.global.js
c3c9f05ec82e551f2ed863d43484b05f8bedbc80,ae5e3e9aa88fb925a2a3d6df638ab49e4f69c225,7c01d47306771cd20d7b3d5c234ef229cc29e9d5,60fdb140e8d2be4eff1c7b93fc2b91c77d78600b,left,"-1,4399","+1,4402",a/popmotion.global.js,b/popmotion.global.js
38ab3311363f348cc809a61162146b33332f7a48,ae5e3e9aa88fb925a2a3d6df638ab49e4f69c225,7c01d47306771cd20d7b3d5c234ef229cc29e9d5,60fdb140e8d2be4eff1c7b93fc2b91c77d78600b,left,"-1,4154","+1,4399",a/popmotion.global.js,b/popmotion.global.js
23a959f5ec6be24d96189e94a2aa097496f859c7,ae5e3e9aa88fb925a2a3d6df638ab49e4f69c225,7c01d47306771cd20d7b3d5c234ef229cc29e9d5,60fdb140e8d2be4eff1c7b93fc2b91c77d78600b,left,"-1,4306","+1,4154",a/popmotion.global.js,b/popmotion.global.js
17c5f768163907d6298b5a19ec64dc44c8504337,ae5e3e9aa88fb925a2a3d6df638ab49e4f69c225,7c01d47306771cd20d7b3d5c234ef229cc29e9d5,60fdb140e8d2be4eff1c7b93fc2b91c77d78600b,left,"-2,8929","+1,4306",a/popmotion.global.js,b/popmotion.global.js
df366ad1c6d5c9a688ecbf37f37e7b45fd63872d,ae5e3e9aa88fb925a2a3d6df638ab49e4f69c225,7c01d47306771cd20d7b3d5c234ef229cc29e9d5,60fdb140e8d2be4eff1c7b93fc2b91c77d78600b,left,"-1,4176","+1,4429",a/popmotion.global.js,b/popmotion.global.js
380adbee3cad6a71a3e56de5ad28058a8467c82e,ae5e3e9aa88fb925a2a3d6df638ab49e4f69c225,7c01d47306771cd20d7b3d5c234ef229cc29e9d5,60fdb140e8d2be4eff1c7b93fc2b91c77d78600b,left,"-1,1501","+1,4176",a/popmotion.global.js,b/popmotion.global.js
8b833807e0763460a377feceefbeddc712b46cd0,ae5e3e9aa88fb925a2a3d6df638ab49e4f69c225,7c01d47306771cd20d7b3d5c234ef229cc29e9d5,60fdb140e8d2be4eff1c7b93fc2b91c77d78600b,left,"-1,1501","+1,1501",a/popmotion.global.js,b/popmotion.global.js
37afd5ee24472a8c0be59db5a2d4f347bbc361eb,ae5e3e9aa88fb925a2a3d6df638ab49e4f69c225,7c01d47306771cd20d7b3d5c234ef229cc29e9d5,60fdb140e8d2be4eff1c7b93fc2b91c77d78600b,right,"-1,4509","+1,4519",a/popmotion.global.js,b/popmotion.global.js
2eb9fefbef1fe7445bc29bf71e6dbefabc59e398,ae5e3e9aa88fb925a2a3d6df638ab49e4f69c225,7c01d47306771cd20d7b3d5c234ef229cc29e9d5,60fdb140e8d2be4eff1c7b93fc2b91c77d78600b,left,"-1,2","+1,2",a/popmotion.global.min.js,b/popmotion.global.min.js
af802760e55202d614485132c617122c364959cd,ae5e3e9aa88fb925a2a3d6df638ab49e4f69c225,7c01d47306771cd20d7b3d5c234ef229cc29e9d5,60fdb140e8d2be4eff1c7b93fc2b91c77d78600b,left,"-1,2","+1,2",a/popmotion.global.min.js,b/popmotion.global.min.js
f41a005788dc37718a2a221d73295991cef46242,ae5e3e9aa88fb925a2a3d6df638ab49e4f69c225,7c01d47306771cd20d7b3d5c234ef229cc29e9d5,60fdb140e8d2be4eff1c7b93fc2b91c77d78600b,left,"-1,2","+1,2",a/popmotion.global.min.js,b/popmotion.global.min.js
c37ac485544ff82708ea0119f0cab472c45dbbfd,ae5e3e9aa88fb925a2a3d6df638ab49e4f69c225,7c01d47306771cd20d7b3d5c234ef229cc29e9d5,60fdb140e8d2be4eff1c7b93fc2b91c77d78600b,left,"-1,2","+1,2",a/popmotion.global.min.js,b/popmotion.global.min.js
1c68314fe3b24d310243107b1c4cecc5bed6ef6e,ae5e3e9aa88fb925a2a3d6df638ab49e4f69c225,7c01d47306771cd20d7b3d5c234ef229cc29e9d5,60fdb140e8d2be4eff1c7b93fc2b91c77d78600b,left,"-1,2","+1,2",a/popmotion.global.min.js,b/popmotion.global.min.js
272b2c26ff06f9283cf570b128983c8601a45d31,ae5e3e9aa88fb925a2a3d6df638ab49e4f69c225,7c01d47306771cd20d7b3d5c234ef229cc29e9d5,60fdb140e8d2be4eff1c7b93fc2b91c77d78600b,left,"-1,2","+1,2",a/popmotion.global.min.js,b/popmotion.global.min.js
00cfcb6d37e1f91a266566da5b391fb8d869c6d5,ae5e3e9aa88fb925a2a3d6df638ab49e4f69c225,7c01d47306771cd20d7b3d5c234ef229cc29e9d5,60fdb140e8d2be4eff1c7b93fc2b91c77d78600b,left,"-1,2","+1,2",a/popmotion.global.min.js,b/popmotion.global.min.js
bafa93c91d8ea3f2fa42d2d713adb4236e6684a8,ae5e3e9aa88fb925a2a3d6df638ab49e4f69c225,7c01d47306771cd20d7b3d5c234ef229cc29e9d5,60fdb140e8d2be4eff1c7b93fc2b91c77d78600b,left,"-1,2","+1,2",a/popmotion.global.min.js,b/popmotion.global.min.js
688549836df508e649348bf529e7251a5847210e,ae5e3e9aa88fb925a2a3d6df638ab49e4f69c225,7c01d47306771cd20d7b3d5c234ef229cc29e9d5,60fdb140e8d2be4eff1c7b93fc2b91c77d78600b,left,"-1,2","+1,2",a/popmotion.global.min.js,b/popmotion.global.min.js
2b24dbf879e84402c4d22dbe2dccf6e240f1c30b,ae5e3e9aa88fb925a2a3d6df638ab49e4f69c225,7c01d47306771cd20d7b3d5c234ef229cc29e9d5,60fdb140e8d2be4eff1c7b93fc2b91c77d78600b,left,"-1,2","+1,2",a/popmotion.global.min.js,b/popmotion.global.min.js
61b0fbcaed252fa63141516b9646455e1da0e242,ae5e3e9aa88fb925a2a3d6df638ab49e4f69c225,7c01d47306771cd20d7b3d5c234ef229cc29e9d5,60fdb140e8d2be4eff1c7b93fc2b91c77d78600b,left,"-1,2","+1,2",a/popmotion.global.min.js,b/popmotion.global.min.js
7d8fb4b76f6c3cfc314ce743feab1952bb7f6ed4,ae5e3e9aa88fb925a2a3d6df638ab49e4f69c225,7c01d47306771cd20d7b3d5c234ef229cc29e9d5,60fdb140e8d2be4eff1c7b93fc2b91c77d78600b,left,"-1,2","+1,2",a/popmotion.global.min.js,b/popmotion.global.min.js
3ef15138ca3aff1c0716d8511076001ed24a81cc,ae5e3e9aa88fb925a2a3d6df638ab49e4f69c225,7c01d47306771cd20d7b3d5c234ef229cc29e9d5,60fdb140e8d2be4eff1c7b93fc2b91c77d78600b,left,"-1,2","+1,2",a/popmotion.global.min.js,b/popmotion.global.min.js
227f47ddab23972637138e4d8d47a6196abb4591,ae5e3e9aa88fb925a2a3d6df638ab49e4f69c225,7c01d47306771cd20d7b3d5c234ef229cc29e9d5,60fdb140e8d2be4eff1c7b93fc2b91c77d78600b,left,"-1,2","+1,2",a/popmotion.global.min.js,b/popmotion.global.min.js
350b09adf4be2d4d5d853c2aeca99a468b120fc6,ae5e3e9aa88fb925a2a3d6df638ab49e4f69c225,7c01d47306771cd20d7b3d5c234ef229cc29e9d5,60fdb140e8d2be4eff1c7b93fc2b91c77d78600b,left,"-1,1","+1,2",a/popmotion.global.min.js,b/popmotion.global.min.js
ef89b1caa76ea3f7c1d00900881ab2f7eb5cf086,ae5e3e9aa88fb925a2a3d6df638ab49e4f69c225,7c01d47306771cd20d7b3d5c234ef229cc29e9d5,60fdb140e8d2be4eff1c7b93fc2b91c77d78600b,left,"-1,1","+1,1",a/popmotion.global.min.js,b/popmotion.global.min.js
7ebc5ad2826cc3c76ec11c2007d1b2db18f79cee,ae5e3e9aa88fb925a2a3d6df638ab49e4f69c225,7c01d47306771cd20d7b3d5c234ef229cc29e9d5,60fdb140e8d2be4eff1c7b93fc2b91c77d78600b,left,"-1,2","+1,1",a/popmotion.global.min.js,b/popmotion.global.min.js
8d409dbc37a598ed9057d16c6f0787a9147602f4,ae5e3e9aa88fb925a2a3d6df638ab49e4f69c225,7c01d47306771cd20d7b3d5c234ef229cc29e9d5,60fdb140e8d2be4eff1c7b93fc2b91c77d78600b,left,"-1,2","+1,2",a/popmotion.global.min.js,b/popmotion.global.min.js
681905c69c73dbf33e8a3b3b9e5758bf890d1418,ae5e3e9aa88fb925a2a3d6df638ab49e4f69c225,7c01d47306771cd20d7b3d5c234ef229cc29e9d5,60fdb140e8d2be4eff1c7b93fc2b91c77d78600b,left,"-1,2","+1,2",a/popmotion.global.min.js,b/popmotion.global.min.js
a329f21af7fb764187ca1e9ec26b57ad8389c5ca,ae5e3e9aa88fb925a2a3d6df638ab49e4f69c225,7c01d47306771cd20d7b3d5c234ef229cc29e9d5,60fdb140e8d2be4eff1c7b93fc2b91c77d78600b,left,"-1,2","+1,2",a/popmotion.global.min.js,b/popmotion.global.min.js
23a959f5ec6be24d96189e94a2aa097496f859c7,ae5e3e9aa88fb925a2a3d6df638ab49e4f69c225,7c01d47306771cd20d7b3d5c234ef229cc29e9d5,60fdb140e8d2be4eff1c7b93fc2b91c77d78600b,left,"-1,2","+1,2",a/popmotion.global.min.js,b/popmotion.global.min.js
17c5f768163907d6298b5a19ec64dc44c8504337,ae5e3e9aa88fb925a2a3d6df638ab49e4f69c225,7c01d47306771cd20d7b3d5c234ef229cc29e9d5,60fdb140e8d2be4eff1c7b93fc2b91c77d78600b,left,"-1,1","+1,2",a/popmotion.global.min.js,b/popmotion.global.min.js
40e1b661f38b639e50cfb1b5b7bc0df890cfce39,ae5e3e9aa88fb925a2a3d6df638ab49e4f69c225,7c01d47306771cd20d7b3d5c234ef229cc29e9d5,60fdb140e8d2be4eff1c7b93fc2b91c77d78600b,left,"-1,2","+1,1",a/popmotion.global.min.js,b/popmotion.global.min.js
48ecb2342bd443da19bb4ecb3cffae3dea4846af,ae5e3e9aa88fb925a2a3d6df638ab49e4f69c225,7c01d47306771cd20d7b3d5c234ef229cc29e9d5,60fdb140e8d2be4eff1c7b93fc2b91c77d78600b,left,"-1,2","+1,2",a/popmotion.global.min.js,b/popmotion.global.min.js
df366ad1c6d5c9a688ecbf37f37e7b45fd63872d,ae5e3e9aa88fb925a2a3d6df638ab49e4f69c225,7c01d47306771cd20d7b3d5c234ef229cc29e9d5,60fdb140e8d2be4eff1c7b93fc2b91c77d78600b,left,"-1,1","+1,2",a/popmotion.global.min.js,b/popmotion.global.min.js
6fdb09dd7405764ad84ee92638a9568a016e085e,ae5e3e9aa88fb925a2a3d6df638ab49e4f69c225,7c01d47306771cd20d7b3d5c234ef229cc29e9d5,60fdb140e8d2be4eff1c7b93fc2b91c77d78600b,left,"-1,1","+1,1",a/popmotion.global.min.js,b/popmotion.global.min.js
05612f9f268b5ae570ff5448300ea36ca454166d,ae5e3e9aa88fb925a2a3d6df638ab49e4f69c225,7c01d47306771cd20d7b3d5c234ef229cc29e9d5,60fdb140e8d2be4eff1c7b93fc2b91c77d78600b,left,"-1,1","+1,1",a/popmotion.global.min.js,b/popmotion.global.min.js
8b833807e0763460a377feceefbeddc712b46cd0,ae5e3e9aa88fb925a2a3d6df638ab49e4f69c225,7c01d47306771cd20d7b3d5c234ef229cc29e9d5,60fdb140e8d2be4eff1c7b93fc2b91c77d78600b,left,"-1,1","+1,1",a/popmotion.global.min.js,b/popmotion.global.min.js
a66a53fd79e488932523be0687f0d20450535a4c,ae5e3e9aa88fb925a2a3d6df638ab49e4f69c225,7c01d47306771cd20d7b3d5c234ef229cc29e9d5,60fdb140e8d2be4eff1c7b93fc2b91c77d78600b,left,"-1,1","+1,1",a/popmotion.global.min.js,b/popmotion.global.min.js
37afd5ee24472a8c0be59db5a2d4f347bbc361eb,ae5e3e9aa88fb925a2a3d6df638ab49e4f69c225,7c01d47306771cd20d7b3d5c234ef229cc29e9d5,60fdb140e8d2be4eff1c7b93fc2b91c77d78600b,right,"-1,1","+1,1",a/popmotion.global.min.js,b/popmotion.global.min.js
109e31533a2a4e8236ce6c260d8995e93e89abb9,40d2b1724b7825169c9186854138bb22a12c5f5b,109e31533a2a4e8236ce6c260d8995e93e89abb9,272b2c26ff06f9283cf570b128983c8601a45d31,left,"-632,3","+632,3",a/popmotion.global.js,b/popmotion.global.js
00cfcb6d37e1f91a266566da5b391fb8d869c6d5,40d2b1724b7825169c9186854138bb22a12c5f5b,109e31533a2a4e8236ce6c260d8995e93e89abb9,272b2c26ff06f9283cf570b128983c8601a45d31,right,"-638,3","+656,3",a/popmotion.global.js,b/popmotion.global.js
bafa93c91d8ea3f2fa42d2d713adb4236e6684a8,40d2b1724b7825169c9186854138bb22a12c5f5b,109e31533a2a4e8236ce6c260d8995e93e89abb9,272b2c26ff06f9283cf570b128983c8601a45d31,right,"-638,3","+638,3",a/popmotion.global.js,b/popmotion.global.js
2c03375c4ed7d3611cf48327c8f94b00d8560316,40d2b1724b7825169c9186854138bb22a12c5f5b,109e31533a2a4e8236ce6c260d8995e93e89abb9,272b2c26ff06f9283cf570b128983c8601a45d31,right,"-638,3","+638,3",a/popmotion.global.js,b/popmotion.global.js
688549836df508e649348bf529e7251a5847210e,40d2b1724b7825169c9186854138bb22a12c5f5b,109e31533a2a4e8236ce6c260d8995e93e89abb9,272b2c26ff06f9283cf570b128983c8601a45d31,right,"-632,3","+638,3",a/popmotion.global.js,b/popmotion.global.js
109e31533a2a4e8236ce6c260d8995e93e89abb9,40d2b1724b7825169c9186854138bb22a12c5f5b,109e31533a2a4e8236ce6c260d8995e93e89abb9,272b2c26ff06f9283cf570b128983c8601a45d31,left,"-703,2","+703,2",a/popmotion.global.js,b/popmotion.global.js
688549836df508e649348bf529e7251a5847210e,40d2b1724b7825169c9186854138bb22a12c5f5b,109e31533a2a4e8236ce6c260d8995e93e89abb9,272b2c26ff06f9283cf570b128983c8601a45d31,right,"-703,2","+709,2",a/popmotion.global.js,b/popmotion.global.js
109e31533a2a4e8236ce6c260d8995e93e89abb9,40d2b1724b7825169c9186854138bb22a12c5f5b,109e31533a2a4e8236ce6c260d8995e93e89abb9,272b2c26ff06f9283cf570b128983c8601a45d31,left,"-716,1","+716,1",a/popmotion.global.js,b/popmotion.global.js
2c03375c4ed7d3611cf48327c8f94b00d8560316,40d2b1724b7825169c9186854138bb22a12c5f5b,109e31533a2a4e8236ce6c260d8995e93e89abb9,272b2c26ff06f9283cf570b128983c8601a45d31,right,"-722,1","+823,1",a/popmotion.global.js,b/popmotion.global.js
688549836df508e649348bf529e7251a5847210e,40d2b1724b7825169c9186854138bb22a12c5f5b,109e31533a2a4e8236ce6c260d8995e93e89abb9,272b2c26ff06f9283cf570b128983c8601a45d31,right,"-716,1","+722,1",a/popmotion.global.js,b/popmotion.global.js
109e31533a2a4e8236ce6c260d8995e93e89abb9,40d2b1724b7825169c9186854138bb22a12c5f5b,109e31533a2a4e8236ce6c260d8995e93e89abb9,272b2c26ff06f9283cf570b128983c8601a45d31,left,"-746,7","+746,7",a/popmotion.global.js,b/popmotion.global.js
272b2c26ff06f9283cf570b128983c8601a45d31,40d2b1724b7825169c9186854138bb22a12c5f5b,109e31533a2a4e8236ce6c260d8995e93e89abb9,272b2c26ff06f9283cf570b128983c8601a45d31,right,"-777,42","+781,42",a/popmotion.global.js,b/popmotion.global.js
00cfcb6d37e1f91a266566da5b391fb8d869c6d5,40d2b1724b7825169c9186854138bb22a12c5f5b,109e31533a2a4e8236ce6c260d8995e93e89abb9,272b2c26ff06f9283cf570b128983c8601a45d31,right,"-750,17","+777,42",a/popmotion.global.js,b/popmotion.global.js
bafa93c91d8ea3f2fa42d2d713adb4236e6684a8,40d2b1724b7825169c9186854138bb22a12c5f5b,109e31533a2a4e8236ce6c260d8995e93e89abb9,272b2c26ff06f9283cf570b128983c8601a45d31,right,"-851,17","+750,17",a/popmotion.global.js,b/popmotion.global.js
2c03375c4ed7d3611cf48327c8f94b00d8560316,40d2b1724b7825169c9186854138bb22a12c5f5b,109e31533a2a4e8236ce6c260d8995e93e89abb9,272b2c26ff06f9283cf570b128983c8601a45d31,right,"-750,18","+851,17",a/popmotion.global.js,b/popmotion.global.js
688549836df508e649348bf529e7251a5847210e,40d2b1724b7825169c9186854138bb22a12c5f5b,109e31533a2a4e8236ce6c260d8995e93e89abb9,272b2c26ff06f9283cf570b128983c8601a45d31,right,"-744,9","+750,18",a/popmotion.global.js,b/popmotion.global.js
109e31533a2a4e8236ce6c260d8995e93e89abb9,40d2b1724b7825169c9186854138bb22a12c5f5b,109e31533a2a4e8236ce6c260d8995e93e89abb9,272b2c26ff06f9283cf570b128983c8601a45d31,left,"-1076,49","+1076,49",a/popmotion.global.js,b/popmotion.global.js
2c03375c4ed7d3611cf48327c8f94b00d8560316,40d2b1724b7825169c9186854138bb22a12c5f5b,109e31533a2a4e8236ce6c260d8995e93e89abb9,272b2c26ff06f9283cf570b128983c8601a45d31,right,"-1008,0","+1123,3",a/popmotion.global.js,b/popmotion.global.js
109e31533a2a4e8236ce6c260d8995e93e89abb9,40d2b1724b7825169c9186854138bb22a12c5f5b,109e31533a2a4e8236ce6c260d8995e93e89abb9,272b2c26ff06f9283cf570b128983c8601a45d31,left,"-1258,3","+1258,3",a/popmotion.global.js,b/popmotion.global.js
272b2c26ff06f9283cf570b128983c8601a45d31,40d2b1724b7825169c9186854138bb22a12c5f5b,109e31533a2a4e8236ce6c260d8995e93e89abb9,272b2c26ff06f9283cf570b128983c8601a45d31,right,"-1169,3","+1173,3",a/popmotion.global.js,b/popmotion.global.js
00cfcb6d37e1f91a266566da5b391fb8d869c6d5,40d2b1724b7825169c9186854138bb22a12c5f5b,109e31533a2a4e8236ce6c260d8995e93e89abb9,272b2c26ff06f9283cf570b128983c8601a45d31,right,"-1113,3","+1169,3",a/popmotion.global.js,b/popmotion.global.js
bafa93c91d8ea3f2fa42d2d713adb4236e6684a8,40d2b1724b7825169c9186854138bb22a12c5f5b,109e31533a2a4e8236ce6c260d8995e93e89abb9,272b2c26ff06f9283cf570b128983c8601a45d31,right,"-1302,3","+1113,3",a/popmotion.global.js,b/popmotion.global.js
2c03375c4ed7d3611cf48327c8f94b00d8560316,40d2b1724b7825169c9186854138bb22a12c5f5b,109e31533a2a4e8236ce6c260d8995e93e89abb9,272b2c26ff06f9283cf570b128983c8601a45d31,right,"-1171,3","+1302,3",a/popmotion.global.js,b/popmotion.global.js
688549836df508e649348bf529e7251a5847210e,40d2b1724b7825169c9186854138bb22a12c5f5b,109e31533a2a4e8236ce6c260d8995e93e89abb9,272b2c26ff06f9283cf570b128983c8601a45d31,right,"-1258,3","+1171,3",a/popmotion.global.js,b/popmotion.global.js
109e31533a2a4e8236ce6c260d8995e93e89abb9,40d2b1724b7825169c9186854138bb22a12c5f5b,109e31533a2a4e8236ce6c260d8995e93e89abb9,272b2c26ff06f9283cf570b128983c8601a45d31,left,"-2584,3","+2584,177",a/popmotion.global.js,b/popmotion.global.js
272b2c26ff06f9283cf570b128983c8601a45d31,40d2b1724b7825169c9186854138bb22a12c5f5b,109e31533a2a4e8236ce6c260d8995e93e89abb9,272b2c26ff06f9283cf570b128983c8601a45d31,right,"-3221,0","+3227,2",a/popmotion.global.js,b/popmotion.global.js
109e31533a2a4e8236ce6c260d8995e93e89abb9,40d2b1724b7825169c9186854138bb22a12c5f5b,109e31533a2a4e8236ce6c260d8995e93e89abb9,272b2c26ff06f9283cf570b128983c8601a45d31,left,"-2632,1","+2806,1",a/popmotion.global.js,b/popmotion.global.js
272b2c26ff06f9283cf570b128983c8601a45d31,40d2b1724b7825169c9186854138bb22a12c5f5b,109e31533a2a4e8236ce6c260d8995e93e89abb9,272b2c26ff06f9283cf570b128983c8601a45d31,right,"-3269,1","+3348,1",a/popmotion.global.js,b/popmotion.global.js
bafa93c91d8ea3f2fa42d2d713adb4236e6684a8,40d2b1724b7825169c9186854138bb22a12c5f5b,109e31533a2a4e8236ce6c260d8995e93e89abb9,272b2c26ff06f9283cf570b128983c8601a45d31,right,"-3272,1","+3156,1",a/popmotion.global.js,b/popmotion.global.js
2c03375c4ed7d3611cf48327c8f94b00d8560316,40d2b1724b7825169c9186854138bb22a12c5f5b,109e31533a2a4e8236ce6c260d8995e93e89abb9,272b2c26ff06f9283cf570b128983c8601a45d31,right,"-3142,1","+3272,1",a/popmotion.global.js,b/popmotion.global.js
688549836df508e649348bf529e7251a5847210e,40d2b1724b7825169c9186854138bb22a12c5f5b,109e31533a2a4e8236ce6c260d8995e93e89abb9,272b2c26ff06f9283cf570b128983c8601a45d31,right,"-3078,4","+3142,1",a/popmotion.global.js,b/popmotion.global.js
109e31533a2a4e8236ce6c260d8995e93e89abb9,40d2b1724b7825169c9186854138bb22a12c5f5b,109e31533a2a4e8236ce6c260d8995e93e89abb9,272b2c26ff06f9283cf570b128983c8601a45d31,left,"-2726,1","+2900,1",a/popmotion.global.js,b/popmotion.global.js
272b2c26ff06f9283cf570b128983c8601a45d31,40d2b1724b7825169c9186854138bb22a12c5f5b,109e31533a2a4e8236ce6c260d8995e93e89abb9,272b2c26ff06f9283cf570b128983c8601a45d31,right,"-3363,1","+3442,1",a/popmotion.global.js,b/popmotion.global.js
bafa93c91d8ea3f2fa42d2d713adb4236e6684a8,40d2b1724b7825169c9186854138bb22a12c5f5b,109e31533a2a4e8236ce6c260d8995e93e89abb9,272b2c26ff06f9283cf570b128983c8601a45d31,right,"-3366,1","+3250,1",a/popmotion.global.js,b/popmotion.global.js
2c03375c4ed7d3611cf48327c8f94b00d8560316,40d2b1724b7825169c9186854138bb22a12c5f5b,109e31533a2a4e8236ce6c260d8995e93e89abb9,272b2c26ff06f9283cf570b128983c8601a45d31,right,"-3236,1","+3366,1",a/popmotion.global.js,b/popmotion.global.js
688549836df508e649348bf529e7251a5847210e,40d2b1724b7825169c9186854138bb22a12c5f5b,109e31533a2a4e8236ce6c260d8995e93e89abb9,272b2c26ff06f9283cf570b128983c8601a45d31,right,"-3240,1","+3236,1",a/popmotion.global.js,b/popmotion.global.js
109e31533a2a4e8236ce6c260d8995e93e89abb9,40d2b1724b7825169c9186854138bb22a12c5f5b,109e31533a2a4e8236ce6c260d8995e93e89abb9,272b2c26ff06f9283cf570b128983c8601a45d31,left,"-2732,345","+2906,345",a/popmotion.global.js,b/popmotion.global.js
00cfcb6d37e1f91a266566da5b391fb8d869c6d5,40d2b1724b7825169c9186854138bb22a12c5f5b,109e31533a2a4e8236ce6c260d8995e93e89abb9,272b2c26ff06f9283cf570b128983c8601a45d31,right,"-3256,19","+3369,19",a/popmotion.global.js,b/popmotion.global.js
bafa93c91d8ea3f2fa42d2d713adb4236e6684a8,40d2b1724b7825169c9186854138bb22a12c5f5b,109e31533a2a4e8236ce6c260d8995e93e89abb9,272b2c26ff06f9283cf570b128983c8601a45d31,right,"-3371,21","+3256,19",a/popmotion.global.js,b/popmotion.global.js
2c03375c4ed7d3611cf48327c8f94b00d8560316,40d2b1724b7825169c9186854138bb22a12c5f5b,109e31533a2a4e8236ce6c260d8995e93e89abb9,272b2c26ff06f9283cf570b128983c8601a45d31,right,"-3241,11","+3371,21",a/popmotion.global.js,b/popmotion.global.js
688549836df508e649348bf529e7251a5847210e,40d2b1724b7825169c9186854138bb22a12c5f5b,109e31533a2a4e8236ce6c260d8995e93e89abb9,272b2c26ff06f9283cf570b128983c8601a45d31,right,"-3252,11","+3241,11",a/popmotion.global.js,b/popmotion.global.js
2c03375c4ed7d3611cf48327c8f94b00d8560316,40d2b1724b7825169c9186854138bb22a12c5f5b,109e31533a2a4e8236ce6c260d8995e93e89abb9,272b2c26ff06f9283cf570b128983c8601a45d31,right,"-3252,18","+3402,23",a/popmotion.global.js,b/popmotion.global.js
688549836df508e649348bf529e7251a5847210e,40d2b1724b7825169c9186854138bb22a12c5f5b,109e31533a2a4e8236ce6c260d8995e93e89abb9,272b2c26ff06f9283cf570b128983c8601a45d31,right,"-3258,15","+3252,18",a/popmotion.global.js,b/popmotion.global.js
2c03375c4ed7d3611cf48327c8f94b00d8560316,40d2b1724b7825169c9186854138bb22a12c5f5b,109e31533a2a4e8236ce6c260d8995e93e89abb9,272b2c26ff06f9283cf570b128983c8601a45d31,right,"-3274,141","+3450,4",a/popmotion.global.js,b/popmotion.global.js
688549836df508e649348bf529e7251a5847210e,40d2b1724b7825169c9186854138bb22a12c5f5b,109e31533a2a4e8236ce6c260d8995e93e89abb9,272b2c26ff06f9283cf570b128983c8601a45d31,right,"-3286,60","+3274,141",a/popmotion.global.js,b/popmotion.global.js
272b2c26ff06f9283cf570b128983c8601a45d31,40d2b1724b7825169c9186854138bb22a12c5f5b,109e31533a2a4e8236ce6c260d8995e93e89abb9,272b2c26ff06f9283cf570b128983c8601a45d31,right,"-3540,1","+3619,1",a/popmotion.global.js,b/popmotion.global.js
bafa93c91d8ea3f2fa42d2d713adb4236e6684a8,40d2b1724b7825169c9186854138bb22a12c5f5b,109e31533a2a4e8236ce6c260d8995e93e89abb9,272b2c26ff06f9283cf570b128983c8601a45d31,right,"-3542,1","+3427,1",a/popmotion.global.js,b/popmotion.global.js
2c03375c4ed7d3611cf48327c8f94b00d8560316,40d2b1724b7825169c9186854138bb22a12c5f5b,109e31533a2a4e8236ce6c260d8995e93e89abb9,272b2c26ff06f9283cf570b128983c8601a45d31,right,"-3426,1","+3542,1",a/popmotion.global.js,b/popmotion.global.js
688549836df508e649348bf529e7251a5847210e,40d2b1724b7825169c9186854138bb22a12c5f5b,109e31533a2a4e8236ce6c260d8995e93e89abb9,272b2c26ff06f9283cf570b128983c8601a45d31,right,"-3391,1","+3426,1",a/popmotion.global.js,b/popmotion.global.js
109e31533a2a4e8236ce6c260d8995e93e89abb9,40d2b1724b7825169c9186854138bb22a12c5f5b,109e31533a2a4e8236ce6c260d8995e93e89abb9,272b2c26ff06f9283cf570b128983c8601a45d31,left,"-4818,1","+4818,1",a/popmotion.global.js,b/popmotion.global.js
272b2c26ff06f9283cf570b128983c8601a45d31,40d2b1724b7825169c9186854138bb22a12c5f5b,109e31533a2a4e8236ce6c260d8995e93e89abb9,272b2c26ff06f9283cf570b128983c8601a45d31,right,"-4875,1","+4881,1",a/popmotion.global.js,b/popmotion.global.js
00cfcb6d37e1f91a266566da5b391fb8d869c6d5,40d2b1724b7825169c9186854138bb22a12c5f5b,109e31533a2a4e8236ce6c260d8995e93e89abb9,272b2c26ff06f9283cf570b128983c8601a45d31,right,"-4860,1","+4875,1",a/popmotion.global.js,b/popmotion.global.js
bafa93c91d8ea3f2fa42d2d713adb4236e6684a8,40d2b1724b7825169c9186854138bb22a12c5f5b,109e31533a2a4e8236ce6c260d8995e93e89abb9,272b2c26ff06f9283cf570b128983c8601a45d31,right,"-4869,1","+4860,1",a/popmotion.global.js,b/popmotion.global.js
2c03375c4ed7d3611cf48327c8f94b00d8560316,40d2b1724b7825169c9186854138bb22a12c5f5b,109e31533a2a4e8236ce6c260d8995e93e89abb9,272b2c26ff06f9283cf570b128983c8601a45d31,right,"-4756,1","+4869,1",a/popmotion.global.js,b/popmotion.global.js
688549836df508e649348bf529e7251a5847210e,40d2b1724b7825169c9186854138bb22a12c5f5b,109e31533a2a4e8236ce6c260d8995e93e89abb9,272b2c26ff06f9283cf570b128983c8601a45d31,right,"-4818,1","+4756,1",a/popmotion.global.js,b/popmotion.global.js
df366ad1c6d5c9a688ecbf37f37e7b45fd63872d,52a55112b448da8f71b219686c7063409ecb3476,48ecb2342bd443da19bb4ecb3cffae3dea4846af,bfcc0e179028803f39f6bac568ba99cd4842e869,left,"-1,3228","+1,3587",a/popmotion.global.js,b/popmotion.global.js
380adbee3cad6a71a3e56de5ad28058a8467c82e,52a55112b448da8f71b219686c7063409ecb3476,48ecb2342bd443da19bb4ecb3cffae3dea4846af,bfcc0e179028803f39f6bac568ba99cd4842e869,left,"-1,1501","+1,3228",a/popmotion.global.js,b/popmotion.global.js
8b833807e0763460a377feceefbeddc712b46cd0,52a55112b448da8f71b219686c7063409ecb3476,48ecb2342bd443da19bb4ecb3cffae3dea4846af,bfcc0e179028803f39f6bac568ba99cd4842e869,left,"-1,1501","+1,1501",a/popmotion.global.js,b/popmotion.global.js
5ccc52c2de313ffb0b394bfa0371c0b9e8f4042d,52a55112b448da8f71b219686c7063409ecb3476,48ecb2342bd443da19bb4ecb3cffae3dea4846af,bfcc0e179028803f39f6bac568ba99cd4842e869,right,"-1,4498","+1,4498",a/popmotion.global.js,b/popmotion.global.js
e0c2e764ecfb076584ae0b6d059fec834d973b43,52a55112b448da8f71b219686c7063409ecb3476,48ecb2342bd443da19bb4ecb3cffae3dea4846af,bfcc0e179028803f39f6bac568ba99cd4842e869,right,"-1,4498","+1,4498",a/popmotion.global.js,b/popmotion.global.js
48ecb2342bd443da19bb4ecb3cffae3dea4846af,52a55112b448da8f71b219686c7063409ecb3476,48ecb2342bd443da19bb4ecb3cffae3dea4846af,bfcc0e179028803f39f6bac568ba99cd4842e869,left,"-1,2","+1,2",a/popmotion.global.min.js,b/popmotion.global.min.js
df366ad1c6d5c9a688ecbf37f37e7b45fd63872d,52a55112b448da8f71b219686c7063409ecb3476,48ecb2342bd443da19bb4ecb3cffae3dea4846af,bfcc0e179028803f39f6bac568ba99cd4842e869,left,"-1,1","+1,2",a/popmotion.global.min.js,b/popmotion.global.min.js
6fdb09dd7405764ad84ee92638a9568a016e085e,52a55112b448da8f71b219686c7063409ecb3476,48ecb2342bd443da19bb4ecb3cffae3dea4846af,bfcc0e179028803f39f6bac568ba99cd4842e869,left,"-1,1","+1,1",a/popmotion.global.min.js,b/popmotion.global.min.js
05612f9f268b5ae570ff5448300ea36ca454166d,52a55112b448da8f71b219686c7063409ecb3476,48ecb2342bd443da19bb4ecb3cffae3dea4846af,bfcc0e179028803f39f6bac568ba99cd4842e869,left,"-1,1","+1,1",a/popmotion.global.min.js,b/popmotion.global.min.js
8b833807e0763460a377feceefbeddc712b46cd0,52a55112b448da8f71b219686c7063409ecb3476,48ecb2342bd443da19bb4ecb3cffae3dea4846af,bfcc0e179028803f39f6bac568ba99cd4842e869,left,"-1,1","+1,1",a/popmotion.global.min.js,b/popmotion.global.min.js
a66a53fd79e488932523be0687f0d20450535a4c,52a55112b448da8f71b219686c7063409ecb3476,48ecb2342bd443da19bb4ecb3cffae3dea4846af,bfcc0e179028803f39f6bac568ba99cd4842e869,left,"-1,1","+1,1",a/popmotion.global.min.js,b/popmotion.global.min.js
e0c2e764ecfb076584ae0b6d059fec834d973b43,52a55112b448da8f71b219686c7063409ecb3476,48ecb2342bd443da19bb4ecb3cffae3dea4846af,bfcc0e179028803f39f6bac568ba99cd4842e869,right,"-1,1","+1,1",a/popmotion.global.min.js,b/popmotion.global.min.js
051016c3b4e65e37c4584a15cae14d824a7b5129,7ee573d503992663972ab55bc98133f014da724f,4e208bd19b225288b19ea41560eca4b59f4248d7,5392972b64729c3e75d07e889433d89162b5a9bb,left,"-14,1","+14,1",a/popmotion.global.js,b/popmotion.global.js
12359f518ad40b0f988ea8492e8d5d2d623a5670,7ee573d503992663972ab55bc98133f014da724f,4e208bd19b225288b19ea41560eca4b59f4248d7,5392972b64729c3e75d07e889433d89162b5a9bb,right,"-1,3575","+14,1",a/popmotion.global.js,b/popmotion.global.js
56bdba0a64bf9670ff702ef8f32657ba20d4254b,7ee573d503992663972ab55bc98133f014da724f,4e208bd19b225288b19ea41560eca4b59f4248d7,5392972b64729c3e75d07e889433d89162b5a9bb,right,"-1,4524","+1,3575",a/popmotion.global.js,b/popmotion.global.js
c94b117c5d9da33be8ceb34d77a42cf6cd36c825,7ee573d503992663972ab55bc98133f014da724f,4e208bd19b225288b19ea41560eca4b59f4248d7,5392972b64729c3e75d07e889433d89162b5a9bb,right,"-1,4569","+1,4524",a/popmotion.global.js,b/popmotion.global.js
051016c3b4e65e37c4584a15cae14d824a7b5129,7ee573d503992663972ab55bc98133f014da724f,4e208bd19b225288b19ea41560eca4b59f4248d7,5392972b64729c3e75d07e889433d89162b5a9bb,left,"-268,1","+268,1",a/popmotion.global.js,b/popmotion.global.js
12359f518ad40b0f988ea8492e8d5d2d623a5670,7ee573d503992663972ab55bc98133f014da724f,4e208bd19b225288b19ea41560eca4b59f4248d7,5392972b64729c3e75d07e889433d89162b5a9bb,right,"-1,3575","+268,1",a/popmotion.global.js,b/popmotion.global.js
56bdba0a64bf9670ff702ef8f32657ba20d4254b,7ee573d503992663972ab55bc98133f014da724f,4e208bd19b225288b19ea41560eca4b59f4248d7,5392972b64729c3e75d07e889433d89162b5a9bb,right,"-1,4524","+1,3575",a/popmotion.global.js,b/popmotion.global.js
c94b117c5d9da33be8ceb34d77a42cf6cd36c825,7ee573d503992663972ab55bc98133f014da724f,4e208bd19b225288b19ea41560eca4b59f4248d7,5392972b64729c3e75d07e889433d89162b5a9bb,right,"-1,4569","+1,4524",a/popmotion.global.js,b/popmotion.global.js
051016c3b4e65e37c4584a15cae14d824a7b5129,7ee573d503992663972ab55bc98133f014da724f,4e208bd19b225288b19ea41560eca4b59f4248d7,5392972b64729c3e75d07e889433d89162b5a9bb,left,"-660,2","+660,2",a/popmotion.global.js,b/popmotion.global.js
12359f518ad40b0f988ea8492e8d5d2d623a5670,7ee573d503992663972ab55bc98133f014da724f,4e208bd19b225288b19ea41560eca4b59f4248d7,5392972b64729c3e75d07e889433d89162b5a9bb,right,"-1,3575","+661,19",a/popmotion.global.js,b/popmotion.global.js
56bdba0a64bf9670ff702ef8f32657ba20d4254b,7ee573d503992663972ab55bc98133f014da724f,4e208bd19b225288b19ea41560eca4b59f4248d7,5392972b64729c3e75d07e889433d89162b5a9bb,right,"-1,4524","+1,3575",a/popmotion.global.js,b/popmotion.global.js
c94b117c5d9da33be8ceb34d77a42cf6cd36c825,7ee573d503992663972ab55bc98133f014da724f,4e208bd19b225288b19ea41560eca4b59f4248d7,5392972b64729c3e75d07e889433d89162b5a9bb,right,"-1,4569","+1,4524",a/popmotion.global.js,b/popmotion.global.js
051016c3b4e65e37c4584a15cae14d824a7b5129,7ee573d503992663972ab55bc98133f014da724f,4e208bd19b225288b19ea41560eca4b59f4248d7,5392972b64729c3e75d07e889433d89162b5a9bb,left,"-683,20","+683,20",a/popmotion.global.js,b/popmotion.global.js
12359f518ad40b0f988ea8492e8d5d2d623a5670,7ee573d503992663972ab55bc98133f014da724f,4e208bd19b225288b19ea41560eca4b59f4248d7,5392972b64729c3e75d07e889433d89162b5a9bb,right,"-1,3575","+703,2",a/popmotion.global.js,b/popmotion.global.js
56bdba0a64bf9670ff702ef8f32657ba20d4254b,7ee573d503992663972ab55bc98133f014da724f,4e208bd19b225288b19ea41560eca4b59f4248d7,5392972b64729c3e75d07e889433d89162b5a9bb,right,"-1,4524","+1,3575",a/popmotion.global.js,b/popmotion.global.js
c94b117c5d9da33be8ceb34d77a42cf6cd36c825,7ee573d503992663972ab55bc98133f014da724f,4e208bd19b225288b19ea41560eca4b59f4248d7,5392972b64729c3e75d07e889433d89162b5a9bb,right,"-1,4569","+1,4524",a/popmotion.global.js,b/popmotion.global.js
051016c3b4e65e37c4584a15cae14d824a7b5129,7ee573d503992663972ab55bc98133f014da724f,4e208bd19b225288b19ea41560eca4b59f4248d7,5392972b64729c3e75d07e889433d89162b5a9bb,left,"-709,1","+709,1",a/popmotion.global.js,b/popmotion.global.js
12359f518ad40b0f988ea8492e8d5d2d623a5670,7ee573d503992663972ab55bc98133f014da724f,4e208bd19b225288b19ea41560eca4b59f4248d7,5392972b64729c3e75d07e889433d89162b5a9bb,right,"-1,3575","+709,1",a/popmotion.global.js,b/popmotion.global.js
56bdba0a64bf9670ff702ef8f32657ba20d4254b,7ee573d503992663972ab55bc98133f014da724f,4e208bd19b225288b19ea41560eca4b59f4248d7,5392972b64729c3e75d07e889433d89162b5a9bb,right,"-1,4524","+1,3575",a/popmotion.global.js,b/popmotion.global.js
c94b117c5d9da33be8ceb34d77a42cf6cd36c825,7ee573d503992663972ab55bc98133f014da724f,4e208bd19b225288b19ea41560eca4b59f4248d7,5392972b64729c3e75d07e889433d89162b5a9bb,right,"-1,4569","+1,4524",a/popmotion.global.js,b/popmotion.global.js
051016c3b4e65e37c4584a15cae14d824a7b5129,7ee573d503992663972ab55bc98133f014da724f,4e208bd19b225288b19ea41560eca4b59f4248d7,5392972b64729c3e75d07e889433d89162b5a9bb,left,"-716,2","+717,1",a/popmotion.global.js,b/popmotion.global.js
12359f518ad40b0f988ea8492e8d5d2d623a5670,7ee573d503992663972ab55bc98133f014da724f,4e208bd19b225288b19ea41560eca4b59f4248d7,5392972b64729c3e75d07e889433d89162b5a9bb,right,"-1,3575","+717,1",a/popmotion.global.js,b/popmotion.global.js
56bdba0a64bf9670ff702ef8f32657ba20d4254b,7ee573d503992663972ab55bc98133f014da724f,4e208bd19b225288b19ea41560eca4b59f4248d7,5392972b64729c3e75d07e889433d89162b5a9bb,right,"-1,4524","+1,3575",a/popmotion.global.js,b/popmotion.global.js
c94b117c5d9da33be8ceb34d77a42cf6cd36c825,7ee573d503992663972ab55bc98133f014da724f,4e208bd19b225288b19ea41560eca4b59f4248d7,5392972b64729c3e75d07e889433d89162b5a9bb,right,"-1,4569","+1,4524",a/popmotion.global.js,b/popmotion.global.js
051016c3b4e65e37c4584a15cae14d824a7b5129,7ee573d503992663972ab55bc98133f014da724f,4e208bd19b225288b19ea41560eca4b59f4248d7,5392972b64729c3e75d07e889433d89162b5a9bb,left,"-971,6","+971,5",a/popmotion.global.js,b/popmotion.global.js
12359f518ad40b0f988ea8492e8d5d2d623a5670,7ee573d503992663972ab55bc98133f014da724f,4e208bd19b225288b19ea41560eca4b59f4248d7,5392972b64729c3e75d07e889433d89162b5a9bb,right,"-1,3575","+971,5",a/popmotion.global.js,b/popmotion.global.js
56bdba0a64bf9670ff702ef8f32657ba20d4254b,7ee573d503992663972ab55bc98133f014da724f,4e208bd19b225288b19ea41560eca4b59f4248d7,5392972b64729c3e75d07e889433d89162b5a9bb,right,"-1,4524","+1,3575",a/popmotion.global.js,b/popmotion.global.js
c94b117c5d9da33be8ceb34d77a42cf6cd36c825,7ee573d503992663972ab55bc98133f014da724f,4e208bd19b225288b19ea41560eca4b59f4248d7,5392972b64729c3e75d07e889433d89162b5a9bb,right,"-1,4569","+1,4524",a/popmotion.global.js,b/popmotion.global.js
051016c3b4e65e37c4584a15cae14d824a7b5129,7ee573d503992663972ab55bc98133f014da724f,4e208bd19b225288b19ea41560eca4b59f4248d7,5392972b64729c3e75d07e889433d89162b5a9bb,left,"-1020,108","+1020,21",a/popmotion.global.js,b/popmotion.global.js
12359f518ad40b0f988ea8492e8d5d2d623a5670,7ee573d503992663972ab55bc98133f014da724f,4e208bd19b225288b19ea41560eca4b59f4248d7,5392972b64729c3e75d07e889433d89162b5a9bb,right,"-1,3575","+1020,108",a/popmotion.global.js,b/popmotion.global.js
56bdba0a64bf9670ff702ef8f32657ba20d4254b,7ee573d503992663972ab55bc98133f014da724f,4e208bd19b225288b19ea41560eca4b59f4248d7,5392972b64729c3e75d07e889433d89162b5a9bb,right,"-1,4524","+1,3575",a/popmotion.global.js,b/popmotion.global.js
c94b117c5d9da33be8ceb34d77a42cf6cd36c825,7ee573d503992663972ab55bc98133f014da724f,4e208bd19b225288b19ea41560eca4b59f4248d7,5392972b64729c3e75d07e889433d89162b5a9bb,right,"-1,4569","+1,4524",a/popmotion.global.js,b/popmotion.global.js
051016c3b4e65e37c4584a15cae14d824a7b5129,7ee573d503992663972ab55bc98133f014da724f,4e208bd19b225288b19ea41560eca4b59f4248d7,5392972b64729c3e75d07e889433d89162b5a9bb,left,"-1367,1","+1280,1",a/popmotion.global.js,b/popmotion.global.js
12359f518ad40b0f988ea8492e8d5d2d623a5670,7ee573d503992663972ab55bc98133f014da724f,4e208bd19b225288b19ea41560eca4b59f4248d7,5392972b64729c3e75d07e889433d89162b5a9bb,right,"-1,3575","+1367,1",a/popmotion.global.js,b/popmotion.global.js
56bdba0a64bf9670ff702ef8f32657ba20d4254b,7ee573d503992663972ab55bc98133f014da724f,4e208bd19b225288b19ea41560eca4b59f4248d7,5392972b64729c3e75d07e889433d89162b5a9bb,right,"-1,4524","+1,3575",a/popmotion.global.js,b/popmotion.global.js
c94b117c5d9da33be8ceb34d77a42cf6cd36c825,7ee573d503992663972ab55bc98133f014da724f,4e208bd19b225288b19ea41560eca4b59f4248d7,5392972b64729c3e75d07e889433d89162b5a9bb,right,"-1,4569","+1,4524",a/popmotion.global.js,b/popmotion.global.js
051016c3b4e65e37c4584a15cae14d824a7b5129,7ee573d503992663972ab55bc98133f014da724f,4e208bd19b225288b19ea41560eca4b59f4248d7,5392972b64729c3e75d07e889433d89162b5a9bb,left,"-1376,3","+1289,3",a/popmotion.global.js,b/popmotion.global.js
12359f518ad40b0f988ea8492e8d5d2d623a5670,7ee573d503992663972ab55bc98133f014da724f,4e208bd19b225288b19ea41560eca4b59f4248d7,5392972b64729c3e75d07e889433d89162b5a9bb,right,"-1,3575","+1384,15",a/popmotion.global.js,b/popmotion.global.js
56bdba0a64bf9670ff702ef8f32657ba20d4254b,7ee573d503992663972ab55bc98133f014da724f,4e208bd19b225288b19ea41560eca4b59f4248d7,5392972b64729c3e75d07e889433d89162b5a9bb,right,"-1,4524","+1,3575",a/popmotion.global.js,b/popmotion.global.js
c94b117c5d9da33be8ceb34d77a42cf6cd36c825,7ee573d503992663972ab55bc98133f014da724f,4e208bd19b225288b19ea41560eca4b59f4248d7,5392972b64729c3e75d07e889433d89162b5a9bb,right,"-1,4569","+1,4524",a/popmotion.global.js,b/popmotion.global.js
051016c3b4e65e37c4584a15cae14d824a7b5129,7ee573d503992663972ab55bc98133f014da724f,4e208bd19b225288b19ea41560eca4b59f4248d7,5392972b64729c3e75d07e889433d89162b5a9bb,left,"-1404,9","+1317,9",a/popmotion.global.js,b/popmotion.global.js
12359f518ad40b0f988ea8492e8d5d2d623a5670,7ee573d503992663972ab55bc98133f014da724f,4e208bd19b225288b19ea41560eca4b59f4248d7,5392972b64729c3e75d07e889433d89162b5a9bb,right,"-1,3575","+1402,5",a/popmotion.global.js,b/popmotion.global.js
56bdba0a64bf9670ff702ef8f32657ba20d4254b,7ee573d503992663972ab55bc98133f014da724f,4e208bd19b225288b19ea41560eca4b59f4248d7,5392972b64729c3e75d07e889433d89162b5a9bb,right,"-1,4524","+1,3575",a/popmotion.global.js,b/popmotion.global.js
c94b117c5d9da33be8ceb34d77a42cf6cd36c825,7ee573d503992663972ab55bc98133f014da724f,4e208bd19b225288b19ea41560eca4b59f4248d7,5392972b64729c3e75d07e889433d89162b5a9bb,right,"-1,4569","+1,4524",a/popmotion.global.js,b/popmotion.global.js
051016c3b4e65e37c4584a15cae14d824a7b5129,7ee573d503992663972ab55bc98133f014da724f,4e208bd19b225288b19ea41560eca4b59f4248d7,5392972b64729c3e75d07e889433d89162b5a9bb,left,"-1547,332","+1460,332",a/popmotion.global.js,b/popmotion.global.js
12359f518ad40b0f988ea8492e8d5d2d623a5670,7ee573d503992663972ab55bc98133f014da724f,4e208bd19b225288b19ea41560eca4b59f4248d7,5392972b64729c3e75d07e889433d89162b5a9bb,right,"-1,3575","+1472,1",a/popmotion.global.js,b/popmotion.global.js
56bdba0a64bf9670ff702ef8f32657ba20d4254b,7ee573d503992663972ab55bc98133f014da724f,4e208bd19b225288b19ea41560eca4b59f4248d7,5392972b64729c3e75d07e889433d89162b5a9bb,right,"-1,4524","+1,3575",a/popmotion.global.js,b/popmotion.global.js
c94b117c5d9da33be8ceb34d77a42cf6cd36c825,7ee573d503992663972ab55bc98133f014da724f,4e208bd19b225288b19ea41560eca4b59f4248d7,5392972b64729c3e75d07e889433d89162b5a9bb,right,"-1,4569","+1,4524",a/popmotion.global.js,b/popmotion.global.js
051016c3b4e65e37c4584a15cae14d824a7b5129,7ee573d503992663972ab55bc98133f014da724f,4e208bd19b225288b19ea41560eca4b59f4248d7,5392972b64729c3e75d07e889433d89162b5a9bb,left,"-1925,4","+1838,4",a/popmotion.global.js,b/popmotion.global.js
12359f518ad40b0f988ea8492e8d5d2d623a5670,7ee573d503992663972ab55bc98133f014da724f,4e208bd19b225288b19ea41560eca4b59f4248d7,5392972b64729c3e75d07e889433d89162b5a9bb,right,"-1,3575","+1519,4",a/popmotion.global.js,b/popmotion.global.js
56bdba0a64bf9670ff702ef8f32657ba20d4254b,7ee573d503992663972ab55bc98133f014da724f,4e208bd19b225288b19ea41560eca4b59f4248d7,5392972b64729c3e75d07e889433d89162b5a9bb,right,"-1,4524","+1,3575",a/popmotion.global.js,b/popmotion.global.js
c94b117c5d9da33be8ceb34d77a42cf6cd36c825,7ee573d503992663972ab55bc98133f014da724f,4e208bd19b225288b19ea41560eca4b59f4248d7,5392972b64729c3e75d07e889433d89162b5a9bb,right,"-1,4569","+1,4524",a/popmotion.global.js,b/popmotion.global.js
051016c3b4e65e37c4584a15cae14d824a7b5129,7ee573d503992663972ab55bc98133f014da724f,4e208bd19b225288b19ea41560eca4b59f4248d7,5392972b64729c3e75d07e889433d89162b5a9bb,left,"-1962,1","+1875,1",a/popmotion.global.js,b/popmotion.global.js
12359f518ad40b0f988ea8492e8d5d2d623a5670,7ee573d503992663972ab55bc98133f014da724f,4e208bd19b225288b19ea41560eca4b59f4248d7,5392972b64729c3e75d07e889433d89162b5a9bb,right,"-1,3575","+1556,30",a/popmotion.global.js,b/popmotion.global.js
56bdba0a64bf9670ff702ef8f32657ba20d4254b,7ee573d503992663972ab55bc98133f014da724f,4e208bd19b225288b19ea41560eca4b59f4248d7,5392972b64729c3e75d07e889433d89162b5a9bb,right,"-1,4524","+1,3575",a/popmotion.global.js,b/popmotion.global.js
c94b117c5d9da33be8ceb34d77a42cf6cd36c825,7ee573d503992663972ab55bc98133f014da724f,4e208bd19b225288b19ea41560eca4b59f4248d7,5392972b64729c3e75d07e889433d89162b5a9bb,right,"-1,4569","+1,4524",a/popmotion.global.js,b/popmotion.global.js
12359f518ad40b0f988ea8492e8d5d2d623a5670,7ee573d503992663972ab55bc98133f014da724f,4e208bd19b225288b19ea41560eca4b59f4248d7,5392972b64729c3e75d07e889433d89162b5a9bb,right,"-3576,3","+1618,2",a/popmotion.global.js,b/popmotion.global.js
56bdba0a64bf9670ff702ef8f32657ba20d4254b,7ee573d503992663972ab55bc98133f014da724f,4e208bd19b225288b19ea41560eca4b59f4248d7,5392972b64729c3e75d07e889433d89162b5a9bb,right,"-1590,2935","+3576,3",a/popmotion.global.js,b/popmotion.global.js
c94b117c5d9da33be8ceb34d77a42cf6cd36c825,7ee573d503992663972ab55bc98133f014da724f,4e208bd19b225288b19ea41560eca4b59f4248d7,5392972b64729c3e75d07e889433d89162b5a9bb,right,"-1734,2836","+1590,2935",a/popmotion.global.js,b/popmotion.global.js
051016c3b4e65e37c4584a15cae14d824a7b5129,7ee573d503992663972ab55bc98133f014da724f,4e208bd19b225288b19ea41560eca4b59f4248d7,5392972b64729c3e75d07e889433d89162b5a9bb,left,"-2000,30","+1913,30",a/popmotion.global.js,b/popmotion.global.js
12359f518ad40b0f988ea8492e8d5d2d623a5670,7ee573d503992663972ab55bc98133f014da724f,4e208bd19b225288b19ea41560eca4b59f4248d7,5392972b64729c3e75d07e889433d89162b5a9bb,right,"-3577,2","+1623,1",a/popmotion.global.js,b/popmotion.global.js
56bdba0a64bf9670ff702ef8f32657ba20d4254b,7ee573d503992663972ab55bc98133f014da724f,4e208bd19b225288b19ea41560eca4b59f4248d7,5392972b64729c3e75d07e889433d89162b5a9bb,right,"-1590,2935","+3577,2",a/popmotion.global.js,b/popmotion.global.js
c94b117c5d9da33be8ceb34d77a42cf6cd36c825,7ee573d503992663972ab55bc98133f014da724f,4e208bd19b225288b19ea41560eca4b59f4248d7,5392972b64729c3e75d07e889433d89162b5a9bb,right,"-1734,2836","+1590,2935",a/popmotion.global.js,b/popmotion.global.js
051016c3b4e65e37c4584a15cae14d824a7b5129,7ee573d503992663972ab55bc98133f014da724f,4e208bd19b225288b19ea41560eca4b59f4248d7,5392972b64729c3e75d07e889433d89162b5a9bb,left,"-2035,2","+1948,2",a/popmotion.global.js,b/popmotion.global.js
12359f518ad40b0f988ea8492e8d5d2d623a5670,7ee573d503992663972ab55bc98133f014da724f,4e208bd19b225288b19ea41560eca4b59f4248d7,5392972b64729c3e75d07e889433d89162b5a9bb,right,"-3577,2","+1629,2",a/popmotion.global.js,b/popmotion.global.js
56bdba0a64bf9670ff702ef8f32657ba20d4254b,7ee573d503992663972ab55bc98133f014da724f,4e208bd19b225288b19ea41560eca4b59f4248d7,5392972b64729c3e75d07e889433d89162b5a9bb,right,"-1590,2935","+3577,2",a/popmotion.global.js,b/popmotion.global.js
c94b117c5d9da33be8ceb34d77a42cf6cd36c825,7ee573d503992663972ab55bc98133f014da724f,4e208bd19b225288b19ea41560eca4b59f4248d7,5392972b64729c3e75d07e889433d89162b5a9bb,right,"-1734,2836","+1590,2935",a/popmotion.global.js,b/popmotion.global.js
051016c3b4e65e37c4584a15cae14d824a7b5129,7ee573d503992663972ab55bc98133f014da724f,4e208bd19b225288b19ea41560eca4b59f4248d7,5392972b64729c3e75d07e889433d89162b5a9bb,left,"-2086,1","+1999,1",a/popmotion.global.js,b/popmotion.global.js
12359f518ad40b0f988ea8492e8d5d2d623a5670,7ee573d503992663972ab55bc98133f014da724f,4e208bd19b225288b19ea41560eca4b59f4248d7,5392972b64729c3e75d07e889433d89162b5a9bb,right,"-3577,2","+1680,1",a/popmotion.global.js,b/popmotion.global.js
56bdba0a64bf9670ff702ef8f32657ba20d4254b,7ee573d503992663972ab55bc98133f014da724f,4e208bd19b225288b19ea41560eca4b59f4248d7,5392972b64729c3e75d07e889433d89162b5a9bb,right,"-1590,2935","+3577,2",a/popmotion.global.js,b/popmotion.global.js
c94b117c5d9da33be8ceb34d77a42cf6cd36c825,7ee573d503992663972ab55bc98133f014da724f,4e208bd19b225288b19ea41560eca4b59f4248d7,5392972b64729c3e75d07e889433d89162b5a9bb,right,"-1734,2836","+1590,2935",a/popmotion.global.js,b/popmotion.global.js
051016c3b4e65e37c4584a15cae14d824a7b5129,7ee573d503992663972ab55bc98133f014da724f,4e208bd19b225288b19ea41560eca4b59f4248d7,5392972b64729c3e75d07e889433d89162b5a9bb,left,"-2150,1","+2063,1",a/popmotion.global.js,b/popmotion.global.js
12359f518ad40b0f988ea8492e8d5d2d623a5670,7ee573d503992663972ab55bc98133f014da724f,4e208bd19b225288b19ea41560eca4b59f4248d7,5392972b64729c3e75d07e889433d89162b5a9bb,right,"-3577,2","+1744,1",a/popmotion.global.js,b/popmotion.global.js
56bdba0a64bf9670ff702ef8f32657ba20d4254b,7ee573d503992663972ab55bc98133f014da724f,4e208bd19b225288b19ea41560eca4b59f4248d7,5392972b64729c3e75d07e889433d89162b5a9bb,right,"-1590,2935","+3577,2",a/popmotion.global.js,b/popmotion.global.js
c94b117c5d9da33be8ceb34d77a42cf6cd36c825,7ee573d503992663972ab55bc98133f014da724f,4e208bd19b225288b19ea41560eca4b59f4248d7,5392972b64729c3e75d07e889433d89162b5a9bb,right,"-1734,2836","+1590,2935",a/popmotion.global.js,b/popmotion.global.js
051016c3b4e65e37c4584a15cae14d824a7b5129,7ee573d503992663972ab55bc98133f014da724f,4e208bd19b225288b19ea41560eca4b59f4248d7,5392972b64729c3e75d07e889433d89162b5a9bb,left,"-2188,2","+2101,1",a/popmotion.global.js,b/popmotion.global.js
051016c3b4e65e37c4584a15cae14d824a7b5129,7ee573d503992663972ab55bc98133f014da724f,4e208bd19b225288b19ea41560eca4b59f4248d7,5392972b64729c3e75d07e889433d89162b5a9bb,left,"-2245,1","+2158,1",a/popmotion.global.js,b/popmotion.global.js
12359f518ad40b0f988ea8492e8d5d2d623a5670,7ee573d503992663972ab55bc98133f014da724f,4e208bd19b225288b19ea41560eca4b59f4248d7,5392972b64729c3e75d07e889433d89162b5a9bb,right,"-3577,2","+1839,1",a/popmotion.global.js,b/popmotion.global.js
56bdba0a64bf9670ff702ef8f32657ba20d4254b,7ee573d503992663972ab55bc98133f014da724f,4e208bd19b225288b19ea41560eca4b59f4248d7,5392972b64729c3e75d07e889433d89162b5a9bb,right,"-1590,2935","+3577,2",a/popmotion.global.js,b/popmotion.global.js
c94b117c5d9da33be8ceb34d77a42cf6cd36c825,7ee573d503992663972ab55bc98133f014da724f,4e208bd19b225288b19ea41560eca4b59f4248d7,5392972b64729c3e75d07e889433d89162b5a9bb,right,"-1734,2836","+1590,2935",a/popmotion.global.js,b/popmotion.global.js
051016c3b4e65e37c4584a15cae14d824a7b5129,7ee573d503992663972ab55bc98133f014da724f,4e208bd19b225288b19ea41560eca4b59f4248d7,5392972b64729c3e75d07e889433d89162b5a9bb,left,"-2264,1","+2177,1",a/popmotion.global.js,b/popmotion.global.js
12359f518ad40b0f988ea8492e8d5d2d623a5670,7ee573d503992663972ab55bc98133f014da724f,4e208bd19b225288b19ea41560eca4b59f4248d7,5392972b64729c3e75d07e889433d89162b5a9bb,right,"-3577,2","+1858,1",a/popmotion.global.js,b/popmotion.global.js
56bdba0a64bf9670ff702ef8f32657ba20d4254b,7ee573d503992663972ab55bc98133f014da724f,4e208bd19b225288b19ea41560eca4b59f4248d7,5392972b64729c3e75d07e889433d89162b5a9bb,right,"-1590,2935","+3577,2",a/popmotion.global.js,b/popmotion.global.js
c94b117c5d9da33be8ceb34d77a42cf6cd36c825,7ee573d503992663972ab55bc98133f014da724f,4e208bd19b225288b19ea41560eca4b59f4248d7,5392972b64729c3e75d07e889433d89162b5a9bb,right,"-1734,2836","+1590,2935",a/popmotion.global.js,b/popmotion.global.js
12359f518ad40b0f988ea8492e8d5d2d623a5670,7ee573d503992663972ab55bc98133f014da724f,4e208bd19b225288b19ea41560eca4b59f4248d7,5392972b64729c3e75d07e889433d89162b5a9bb,right,"-3577,2","+2624,2",a/popmotion.global.js,b/popmotion.global.js
56bdba0a64bf9670ff702ef8f32657ba20d4254b,7ee573d503992663972ab55bc98133f014da724f,4e208bd19b225288b19ea41560eca4b59f4248d7,5392972b64729c3e75d07e889433d89162b5a9bb,right,"-1590,2935","+3577,2",a/popmotion.global.js,b/popmotion.global.js
c94b117c5d9da33be8ceb34d77a42cf6cd36c825,7ee573d503992663972ab55bc98133f014da724f,4e208bd19b225288b19ea41560eca4b59f4248d7,5392972b64729c3e75d07e889433d89162b5a9bb,right,"-1734,2836","+1590,2935",a/popmotion.global.js,b/popmotion.global.js
12359f518ad40b0f988ea8492e8d5d2d623a5670,7ee573d503992663972ab55bc98133f014da724f,4e208bd19b225288b19ea41560eca4b59f4248d7,5392972b64729c3e75d07e889433d89162b5a9bb,right,"-3577,2","+2631,2",a/popmotion.global.js,b/popmotion.global.js
56bdba0a64bf9670ff702ef8f32657ba20d4254b,7ee573d503992663972ab55bc98133f014da724f,4e208bd19b225288b19ea41560eca4b59f4248d7,5392972b64729c3e75d07e889433d89162b5a9bb,right,"-1590,2935","+3577,2",a/popmotion.global.js,b/popmotion.global.js
c94b117c5d9da33be8ceb34d77a42cf6cd36c825,7ee573d503992663972ab55bc98133f014da724f,4e208bd19b225288b19ea41560eca4b59f4248d7,5392972b64729c3e75d07e889433d89162b5a9bb,right,"-1734,2836","+1590,2935",a/popmotion.global.js,b/popmotion.global.js
12359f518ad40b0f988ea8492e8d5d2d623a5670,7ee573d503992663972ab55bc98133f014da724f,4e208bd19b225288b19ea41560eca4b59f4248d7,5392972b64729c3e75d07e889433d89162b5a9bb,right,"-3577,2","+2683,2",a/popmotion.global.js,b/popmotion.global.js
56bdba0a64bf9670ff702ef8f32657ba20d4254b,7ee573d503992663972ab55bc98133f014da724f,4e208bd19b225288b19ea41560eca4b59f4248d7,5392972b64729c3e75d07e889433d89162b5a9bb,right,"-1590,2935","+3577,2",a/popmotion.global.js,b/popmotion.global.js
c94b117c5d9da33be8ceb34d77a42cf6cd36c825,7ee573d503992663972ab55bc98133f014da724f,4e208bd19b225288b19ea41560eca4b59f4248d7,5392972b64729c3e75d07e889433d89162b5a9bb,right,"-1734,2836","+1590,2935",a/popmotion.global.js,b/popmotion.global.js
12359f518ad40b0f988ea8492e8d5d2d623a5670,7ee573d503992663972ab55bc98133f014da724f,4e208bd19b225288b19ea41560eca4b59f4248d7,5392972b64729c3e75d07e889433d89162b5a9bb,right,"-3577,2","+2694,2",a/popmotion.global.js,b/popmotion.global.js
56bdba0a64bf9670ff702ef8f32657ba20d4254b,7ee573d503992663972ab55bc98133f014da724f,4e208bd19b225288b19ea41560eca4b59f4248d7,5392972b64729c3e75d07e889433d89162b5a9bb,right,"-1590,2935","+3577,2",a/popmotion.global.js,b/popmotion.global.js
c94b117c5d9da33be8ceb34d77a42cf6cd36c825,7ee573d503992663972ab55bc98133f014da724f,4e208bd19b225288b19ea41560eca4b59f4248d7,5392972b64729c3e75d07e889433d89162b5a9bb,right,"-1734,2836","+1590,2935",a/popmotion.global.js,b/popmotion.global.js
12359f518ad40b0f988ea8492e8d5d2d623a5670,7ee573d503992663972ab55bc98133f014da724f,4e208bd19b225288b19ea41560eca4b59f4248d7,5392972b64729c3e75d07e889433d89162b5a9bb,right,"-3577,2","+2912,2",a/popmotion.global.js,b/popmotion.global.js
56bdba0a64bf9670ff702ef8f32657ba20d4254b,7ee573d503992663972ab55bc98133f014da724f,4e208bd19b225288b19ea41560eca4b59f4248d7,5392972b64729c3e75d07e889433d89162b5a9bb,right,"-1590,2935","+3577,2",a/popmotion.global.js,b/popmotion.global.js
c94b117c5d9da33be8ceb34d77a42cf6cd36c825,7ee573d503992663972ab55bc98133f014da724f,4e208bd19b225288b19ea41560eca4b59f4248d7,5392972b64729c3e75d07e889433d89162b5a9bb,right,"-1734,2836","+1590,2935",a/popmotion.global.js,b/popmotion.global.js
12359f518ad40b0f988ea8492e8d5d2d623a5670,7ee573d503992663972ab55bc98133f014da724f,4e208bd19b225288b19ea41560eca4b59f4248d7,5392972b64729c3e75d07e889433d89162b5a9bb,right,"-3577,2","+2920,2",a/popmotion.global.js,b/popmotion.global.js
56bdba0a64bf9670ff702ef8f32657ba20d4254b,7ee573d503992663972ab55bc98133f014da724f,4e208bd19b225288b19ea41560eca4b59f4248d7,5392972b64729c3e75d07e889433d89162b5a9bb,right,"-1590,2935","+3577,2",a/popmotion.global.js,b/popmotion.global.js
c94b117c5d9da33be8ceb34d77a42cf6cd36c825,7ee573d503992663972ab55bc98133f014da724f,4e208bd19b225288b19ea41560eca4b59f4248d7,5392972b64729c3e75d07e889433d89162b5a9bb,right,"-1734,2836","+1590,2935",a/popmotion.global.js,b/popmotion.global.js
12359f518ad40b0f988ea8492e8d5d2d623a5670,7ee573d503992663972ab55bc98133f014da724f,4e208bd19b225288b19ea41560eca4b59f4248d7,5392972b64729c3e75d07e889433d89162b5a9bb,right,"-3577,2","+3287,2",a/popmotion.global.js,b/popmotion.global.js
56bdba0a64bf9670ff702ef8f32657ba20d4254b,7ee573d503992663972ab55bc98133f014da724f,4e208bd19b225288b19ea41560eca4b59f4248d7,5392972b64729c3e75d07e889433d89162b5a9bb,right,"-1590,2935","+3577,2",a/popmotion.global.js,b/popmotion.global.js
c94b117c5d9da33be8ceb34d77a42cf6cd36c825,7ee573d503992663972ab55bc98133f014da724f,4e208bd19b225288b19ea41560eca4b59f4248d7,5392972b64729c3e75d07e889433d89162b5a9bb,right,"-1734,2836","+1590,2935",a/popmotion.global.js,b/popmotion.global.js
12359f518ad40b0f988ea8492e8d5d2d623a5670,7ee573d503992663972ab55bc98133f014da724f,4e208bd19b225288b19ea41560eca4b59f4248d7,5392972b64729c3e75d07e889433d89162b5a9bb,right,"-3577,2","+3290,2",a/popmotion.global.js,b/popmotion.global.js
56bdba0a64bf9670ff702ef8f32657ba20d4254b,7ee573d503992663972ab55bc98133f014da724f,4e208bd19b225288b19ea41560eca4b59f4248d7,5392972b64729c3e75d07e889433d89162b5a9bb,right,"-1590,2935","+3577,2",a/popmotion.global.js,b/popmotion.global.js
c94b117c5d9da33be8ceb34d77a42cf6cd36c825,7ee573d503992663972ab55bc98133f014da724f,4e208bd19b225288b19ea41560eca4b59f4248d7,5392972b64729c3e75d07e889433d89162b5a9bb,right,"-1734,2836","+1590,2935",a/popmotion.global.js,b/popmotion.global.js
051016c3b4e65e37c4584a15cae14d824a7b5129,7ee573d503992663972ab55bc98133f014da724f,4e208bd19b225288b19ea41560eca4b59f4248d7,5392972b64729c3e75d07e889433d89162b5a9bb,left,"-3854,2","+3750,6",a/popmotion.global.js,b/popmotion.global.js
12359f518ad40b0f988ea8492e8d5d2d623a5670,7ee573d503992663972ab55bc98133f014da724f,4e208bd19b225288b19ea41560eca4b59f4248d7,5392972b64729c3e75d07e889433d89162b5a9bb,right,"-3577,2","+3410,445",a/popmotion.global.js,b/popmotion.global.js
56bdba0a64bf9670ff702ef8f32657ba20d4254b,7ee573d503992663972ab55bc98133f014da724f,4e208bd19b225288b19ea41560eca4b59f4248d7,5392972b64729c3e75d07e889433d89162b5a9bb,right,"-1590,2935","+3577,2",a/popmotion.global.js,b/popmotion.global.js
c94b117c5d9da33be8ceb34d77a42cf6cd36c825,7ee573d503992663972ab55bc98133f014da724f,4e208bd19b225288b19ea41560eca4b59f4248d7,5392972b64729c3e75d07e889433d89162b5a9bb,right,"-1734,2836","+1590,2935",a/popmotion.global.js,b/popmotion.global.js
051016c3b4e65e37c4584a15cae14d824a7b5129,7ee573d503992663972ab55bc98133f014da724f,4e208bd19b225288b19ea41560eca4b59f4248d7,5392972b64729c3e75d07e889433d89162b5a9bb,left,"-3944,2","+3845,1",a/popmotion.global.js,b/popmotion.global.js
12359f518ad40b0f988ea8492e8d5d2d623a5670,7ee573d503992663972ab55bc98133f014da724f,4e208bd19b225288b19ea41560eca4b59f4248d7,5392972b64729c3e75d07e889433d89162b5a9bb,right,"-3577,2","+3944,1",a/popmotion.global.js,b/popmotion.global.js
56bdba0a64bf9670ff702ef8f32657ba20d4254b,7ee573d503992663972ab55bc98133f014da724f,4e208bd19b225288b19ea41560eca4b59f4248d7,5392972b64729c3e75d07e889433d89162b5a9bb,right,"-1590,2935","+3577,2",a/popmotion.global.js,b/popmotion.global.js
c94b117c5d9da33be8ceb34d77a42cf6cd36c825,7ee573d503992663972ab55bc98133f014da724f,4e208bd19b225288b19ea41560eca4b59f4248d7,5392972b64729c3e75d07e889433d89162b5a9bb,right,"-1734,2836","+1590,2935",a/popmotion.global.js,b/popmotion.global.js
051016c3b4e65e37c4584a15cae14d824a7b5129,7ee573d503992663972ab55bc98133f014da724f,4e208bd19b225288b19ea41560eca4b59f4248d7,5392972b64729c3e75d07e889433d89162b5a9bb,left,"-3950,1","+3850,1",a/popmotion.global.js,b/popmotion.global.js
12359f518ad40b0f988ea8492e8d5d2d623a5670,7ee573d503992663972ab55bc98133f014da724f,4e208bd19b225288b19ea41560eca4b59f4248d7,5392972b64729c3e75d07e889433d89162b5a9bb,right,"-3577,2","+3949,1",a/popmotion.global.js,b/popmotion.global.js
56bdba0a64bf9670ff702ef8f32657ba20d4254b,7ee573d503992663972ab55bc98133f014da724f,4e208bd19b225288b19ea41560eca4b59f4248d7,5392972b64729c3e75d07e889433d89162b5a9bb,right,"-1590,2935","+3577,2",a/popmotion.global.js,b/popmotion.global.js
c94b117c5d9da33be8ceb34d77a42cf6cd36c825,7ee573d503992663972ab55bc98133f014da724f,4e208bd19b225288b19ea41560eca4b59f4248d7,5392972b64729c3e75d07e889433d89162b5a9bb,right,"-1734,2836","+1590,2935",a/popmotion.global.js,b/popmotion.global.js
051016c3b4e65e37c4584a15cae14d824a7b5129,7ee573d503992663972ab55bc98133f014da724f,4e208bd19b225288b19ea41560eca4b59f4248d7,5392972b64729c3e75d07e889433d89162b5a9bb,left,"-4221,54","+4121,54",a/popmotion.global.js,b/popmotion.global.js
12359f518ad40b0f988ea8492e8d5d2d623a5670,7ee573d503992663972ab55bc98133f014da724f,4e208bd19b225288b19ea41560eca4b59f4248d7,5392972b64729c3e75d07e889433d89162b5a9bb,right,"-3577,2","+4219,2",a/popmotion.global.js,b/popmotion.global.js
56bdba0a64bf9670ff702ef8f32657ba20d4254b,7ee573d503992663972ab55bc98133f014da724f,4e208bd19b225288b19ea41560eca4b59f4248d7,5392972b64729c3e75d07e889433d89162b5a9bb,right,"-1590,2935","+3577,2",a/popmotion.global.js,b/popmotion.global.js
c94b117c5d9da33be8ceb34d77a42cf6cd36c825,7ee573d503992663972ab55bc98133f014da724f,4e208bd19b225288b19ea41560eca4b59f4248d7,5392972b64729c3e75d07e889433d89162b5a9bb,right,"-1734,2836","+1590,2935",a/popmotion.global.js,b/popmotion.global.js
051016c3b4e65e37c4584a15cae14d824a7b5129,7ee573d503992663972ab55bc98133f014da724f,4e208bd19b225288b19ea41560eca4b59f4248d7,5392972b64729c3e75d07e889433d89162b5a9bb,left,"-4307,3","+4207,3",a/popmotion.global.js,b/popmotion.global.js
12359f518ad40b0f988ea8492e8d5d2d623a5670,7ee573d503992663972ab55bc98133f014da724f,4e208bd19b225288b19ea41560eca4b59f4248d7,5392972b64729c3e75d07e889433d89162b5a9bb,right,"-3577,2","+4252,3",a/popmotion.global.js,b/popmotion.global.js
56bdba0a64bf9670ff702ef8f32657ba20d4254b,7ee573d503992663972ab55bc98133f014da724f,4e208bd19b225288b19ea41560eca4b59f4248d7,5392972b64729c3e75d07e889433d89162b5a9bb,right,"-1590,2935","+3577,2",a/popmotion.global.js,b/popmotion.global.js
c94b117c5d9da33be8ceb34d77a42cf6cd36c825,7ee573d503992663972ab55bc98133f014da724f,4e208bd19b225288b19ea41560eca4b59f4248d7,5392972b64729c3e75d07e889433d89162b5a9bb,right,"-1734,2836","+1590,2935",a/popmotion.global.js,b/popmotion.global.js
051016c3b4e65e37c4584a15cae14d824a7b5129,7ee573d503992663972ab55bc98133f014da724f,4e208bd19b225288b19ea41560eca4b59f4248d7,5392972b64729c3e75d07e889433d89162b5a9bb,left,"-4348,4","+4248,4",a/popmotion.global.js,b/popmotion.global.js
12359f518ad40b0f988ea8492e8d5d2d623a5670,7ee573d503992663972ab55bc98133f014da724f,4e208bd19b225288b19ea41560eca4b59f4248d7,5392972b64729c3e75d07e889433d89162b5a9bb,right,"-3577,2","+4293,4",a/popmotion.global.js,b/popmotion.global.js
56bdba0a64bf9670ff702ef8f32657ba20d4254b,7ee573d503992663972ab55bc98133f014da724f,4e208bd19b225288b19ea41560eca4b59f4248d7,5392972b64729c3e75d07e889433d89162b5a9bb,right,"-1590,2935","+3577,2",a/popmotion.global.js,b/popmotion.global.js
c94b117c5d9da33be8ceb34d77a42cf6cd36c825,7ee573d503992663972ab55bc98133f014da724f,4e208bd19b225288b19ea41560eca4b59f4248d7,5392972b64729c3e75d07e889433d89162b5a9bb,right,"-1734,2836","+1590,2935",a/popmotion.global.js,b/popmotion.global.js
051016c3b4e65e37c4584a15cae14d824a7b5129,7ee573d503992663972ab55bc98133f014da724f,4e208bd19b225288b19ea41560eca4b59f4248d7,5392972b64729c3e75d07e889433d89162b5a9bb,left,"-4397,6","+4297,5",a/popmotion.global.js,b/popmotion.global.js
12359f518ad40b0f988ea8492e8d5d2d623a5670,7ee573d503992663972ab55bc98133f014da724f,4e208bd19b225288b19ea41560eca4b59f4248d7,5392972b64729c3e75d07e889433d89162b5a9bb,right,"-3577,2","+4342,5",a/popmotion.global.js,b/popmotion.global.js
56bdba0a64bf9670ff702ef8f32657ba20d4254b,7ee573d503992663972ab55bc98133f014da724f,4e208bd19b225288b19ea41560eca4b59f4248d7,5392972b64729c3e75d07e889433d89162b5a9bb,right,"-1590,2935","+3577,2",a/popmotion.global.js,b/popmotion.global.js
c94b117c5d9da33be8ceb34d77a42cf6cd36c825,7ee573d503992663972ab55bc98133f014da724f,4e208bd19b225288b19ea41560eca4b59f4248d7,5392972b64729c3e75d07e889433d89162b5a9bb,right,"-1734,2836","+1590,2935",a/popmotion.global.js,b/popmotion.global.js
051016c3b4e65e37c4584a15cae14d824a7b5129,7ee573d503992663972ab55bc98133f014da724f,4e208bd19b225288b19ea41560eca4b59f4248d7,5392972b64729c3e75d07e889433d89162b5a9bb,left,"-4472,1","+4372,1",a/popmotion.global.js,b/popmotion.global.js
12359f518ad40b0f988ea8492e8d5d2d623a5670,7ee573d503992663972ab55bc98133f014da724f,4e208bd19b225288b19ea41560eca4b59f4248d7,5392972b64729c3e75d07e889433d89162b5a9bb,right,"-3577,2","+4417,1",a/popmotion.global.js,b/popmotion.global.js
56bdba0a64bf9670ff702ef8f32657ba20d4254b,7ee573d503992663972ab55bc98133f014da724f,4e208bd19b225288b19ea41560eca4b59f4248d7,5392972b64729c3e75d07e889433d89162b5a9bb,right,"-1590,2935","+3577,2",a/popmotion.global.js,b/popmotion.global.js
c94b117c5d9da33be8ceb34d77a42cf6cd36c825,7ee573d503992663972ab55bc98133f014da724f,4e208bd19b225288b19ea41560eca4b59f4248d7,5392972b64729c3e75d07e889433d89162b5a9bb,right,"-1734,2836","+1590,2935",a/popmotion.global.js,b/popmotion.global.js
051016c3b4e65e37c4584a15cae14d824a7b5129,7ee573d503992663972ab55bc98133f014da724f,4e208bd19b225288b19ea41560eca4b59f4248d7,5392972b64729c3e75d07e889433d89162b5a9bb,left,"-1,1","+1,1",a/popmotion.global.min.js,b/popmotion.global.min.js
12359f518ad40b0f988ea8492e8d5d2d623a5670,7ee573d503992663972ab55bc98133f014da724f,4e208bd19b225288b19ea41560eca4b59f4248d7,5392972b64729c3e75d07e889433d89162b5a9bb,right,"-1,1","+1,1",a/popmotion.global.min.js,b/popmotion.global.min.js
56bdba0a64bf9670ff702ef8f32657ba20d4254b,7ee573d503992663972ab55bc98133f014da724f,4e208bd19b225288b19ea41560eca4b59f4248d7,5392972b64729c3e75d07e889433d89162b5a9bb,right,"-1,1","+1,1",a/popmotion.global.min.js,b/popmotion.global.min.js
c94b117c5d9da33be8ceb34d77a42cf6cd36c825,7ee573d503992663972ab55bc98133f014da724f,4e208bd19b225288b19ea41560eca4b59f4248d7,5392972b64729c3e75d07e889433d89162b5a9bb,right,"-1,1","+1,1",a/popmotion.global.min.js,b/popmotion.global.min.js
12bebac87ca0485fb4b993a0c0c3c1e609007c3a,58db1bfbd5043b3fab4c9418876d1f34acc00d8b,12bebac87ca0485fb4b993a0c0c3c1e609007c3a,2a99cb8ee99a227a079ca052a0f12c9cbd0f14cc,left,"-298,1","+298,1",a/src/actor/value-operations.js,b/src/actor/value-operations.js
2a99cb8ee99a227a079ca052a0f12c9cbd0f14cc,58db1bfbd5043b3fab4c9418876d1f34acc00d8b,12bebac87ca0485fb4b993a0c0c3c1e609007c3a,2a99cb8ee99a227a079ca052a0f12c9cbd0f14cc,right,"-298,1","+298,3",a/src/actor/value-operations.js,b/src/actor/value-operations.js
b760610165be109cb44f5ca36643ebca246462de,8379ba3085aa7e5d50a478e31d0488bf18ea1abf,b760610165be109cb44f5ca36643ebca246462de,516ad6eecf25a328fccef72c427e4fb427e804a5,left,"-844,21","+844,21",a/redshift.global.js,b/redshift.global.js
516ad6eecf25a328fccef72c427e4fb427e804a5,8379ba3085aa7e5d50a478e31d0488bf18ea1abf,b760610165be109cb44f5ca36643ebca246462de,516ad6eecf25a328fccef72c427e4fb427e804a5,right,"-844,21","+829,3",a/redshift.global.js,b/redshift.global.js
b760610165be109cb44f5ca36643ebca246462de,8379ba3085aa7e5d50a478e31d0488bf18ea1abf,b760610165be109cb44f5ca36643ebca246462de,516ad6eecf25a328fccef72c427e4fb427e804a5,left,"-869,1","+869,1",a/redshift.global.js,b/redshift.global.js
516ad6eecf25a328fccef72c427e4fb427e804a5,8379ba3085aa7e5d50a478e31d0488bf18ea1abf,b760610165be109cb44f5ca36643ebca246462de,516ad6eecf25a328fccef72c427e4fb427e804a5,right,"-869,1","+838,2",a/redshift.global.js,b/redshift.global.js
b760610165be109cb44f5ca36643ebca246462de,8379ba3085aa7e5d50a478e31d0488bf18ea1abf,b760610165be109cb44f5ca36643ebca246462de,516ad6eecf25a328fccef72c427e4fb427e804a5,left,"-29,26","+29,26",a/src/element-types/dom.js,b/src/element-types/dom.js
516ad6eecf25a328fccef72c427e4fb427e804a5,8379ba3085aa7e5d50a478e31d0488bf18ea1abf,b760610165be109cb44f5ca36643ebca246462de,516ad6eecf25a328fccef72c427e4fb427e804a5,right,"-29,26","+25,11",a/src/element-types/dom.js,b/src/element-types/dom.js
ddb403b5aebb1e02f4bd80e3aa7b55663b55623c,978e4f750bc1188b7b72783be3b89c80a5768224,94990cd29a1e4be126b287983631e93dd1641d17,c39ae4ee464303cfce1885e9ce285e98bc17544a,left,"-1,1","+1,1",a/redshift.global.min.js,b/redshift.global.min.js
c39ae4ee464303cfce1885e9ce285e98bc17544a,978e4f750bc1188b7b72783be3b89c80a5768224,94990cd29a1e4be126b287983631e93dd1641d17,c39ae4ee464303cfce1885e9ce285e98bc17544a,right,"-1,1","+1,1",a/redshift.global.min.js,b/redshift.global.min.js
94990cd29a1e4be126b287983631e93dd1641d17,978e4f750bc1188b7b72783be3b89c80a5768224,94990cd29a1e4be126b287983631e93dd1641d17,c39ae4ee464303cfce1885e9ce285e98bc17544a,left,"-7,2","+7,2",a/src/routes/path.js,b/src/routes/path.js
d8edbe917c9b4781abc1d2c88b151f41dd15c56b,978e4f750bc1188b7b72783be3b89c80a5768224,94990cd29a1e4be126b287983631e93dd1641d17,c39ae4ee464303cfce1885e9ce285e98bc17544a,right,"-7,2","+7,2",a/src/routes/path.js,b/src/routes/path.js
5c41404118625dbd4b0aeb8f048a94e42c51257d,693e8e141ad019b38752558d4282d4668861dd43,049530d0c3094122e22490068a5d383a8f6f4698,812ecca812ce4eeb6d21700b35d0c32364834e88,left,"-2037,2","+2004,1",a/redshift.global.js,b/redshift.global.js
5c41404118625dbd4b0aeb8f048a94e42c51257d,693e8e141ad019b38752558d4282d4668861dd43,049530d0c3094122e22490068a5d383a8f6f4698,812ecca812ce4eeb6d21700b35d0c32364834e88,left,"-1,1","+1,1",a/redshift.global.min.js,b/redshift.global.min.js
bd7806760d6b5b454f351c7aa595748c4cddd2cc,693e8e141ad019b38752558d4282d4668861dd43,049530d0c3094122e22490068a5d383a8f6f4698,812ecca812ce4eeb6d21700b35d0c32364834e88,right,"-1,1","+1,1",a/redshift.global.min.js,b/redshift.global.min.js
b73bd1ce34bf6e7aea5aa6291ef47b11c5da285e,693e8e141ad019b38752558d4282d4668861dd43,049530d0c3094122e22490068a5d383a8f6f4698,812ecca812ce4eeb6d21700b35d0c32364834e88,right,"-1,1","+1,1",a/redshift.global.min.js,b/redshift.global.min.js
2f0b41c0d794321bc7e54679638cbf7bd1b85aab,c148597c465cdc8a7e24bf97224151e2a24d60a8,2f0b41c0d794321bc7e54679638cbf7bd1b85aab,3a34a861e5ba7875ac64c7ddeff7586f611bc3eb,left,"-1,1","+1,1",a/redshift.global.min.js,b/redshift.global.min.js
60f7c3715341229b1473a4534e0000d4843ebd07,c148597c465cdc8a7e24bf97224151e2a24d60a8,2f0b41c0d794321bc7e54679638cbf7bd1b85aab,3a34a861e5ba7875ac64c7ddeff7586f611bc3eb,right,"-1,1","+1,1",a/redshift.global.min.js,b/redshift.global.min.js
8d48f2e4c094b21cb6105a0ad0f7bdb1b50f3e9b,3b11cab8e9ec4f1072324f7727accb53909d5f3f,8d48f2e4c094b21cb6105a0ad0f7bdb1b50f3e9b,17698842c0b29fb17f287c7a1668d7fa47458c88,left,"-99,0","+100,9",a/src/redshift.js,b/src/redshift.js
17698842c0b29fb17f287c7a1668d7fa47458c88,3b11cab8e9ec4f1072324f7727accb53909d5f3f,8d48f2e4c094b21cb6105a0ad0f7bdb1b50f3e9b,17698842c0b29fb17f287c7a1668d7fa47458c88,right,"-100,18","+100,8",a/src/redshift.js,b/src/redshift.js
3fcd733601e764e399bcac0b1a96b74ff5a5003c,3b11cab8e9ec4f1072324f7727accb53909d5f3f,8d48f2e4c094b21cb6105a0ad0f7bdb1b50f3e9b,17698842c0b29fb17f287c7a1668d7fa47458c88,right,"-96,0","+97,18",a/src/redshift.js,b/src/redshift.js
3fcd733601e764e399bcac0b1a96b74ff5a5003c,b7b7e65115d309915eb137fbf17c7425926c00c4,3fcd733601e764e399bcac0b1a96b74ff5a5003c,c7c465ef0a940d5a9d0f4cc3c4afd14795212b25,left,"-9,27","+9,29",a/src/utils/rQuery.js,b/src/utils/rQuery.js
b2a129583462807b7c95d5c6945de3b5c047bc67,b7b7e65115d309915eb137fbf17c7425926c00c4,3fcd733601e764e399bcac0b1a96b74ff5a5003c,c7c465ef0a940d5a9d0f4cc3c4afd14795212b25,right,"-9,41","+9,40",a/src/utils/rQuery.js,b/src/utils/rQuery.js
68d8e1179cda9ec3da2e13f06368b4ca0cdb3f70,b7b7e65115d309915eb137fbf17c7425926c00c4,3fcd733601e764e399bcac0b1a96b74ff5a5003c,c7c465ef0a940d5a9d0f4cc3c4afd14795212b25,right,"-9,44","+9,41",a/src/utils/rQuery.js,b/src/utils/rQuery.js
a35a92512eedfbdfcc918f45ff474aaa76e95221,b7b7e65115d309915eb137fbf17c7425926c00c4,3fcd733601e764e399bcac0b1a96b74ff5a5003c,c7c465ef0a940d5a9d0f4cc3c4afd14795212b25,right,"-9,44","+9,44",a/src/utils/rQuery.js,b/src/utils/rQuery.js
56c18c8c28b79193bc6eb42117ece879f4264bbd,b7b7e65115d309915eb137fbf17c7425926c00c4,3fcd733601e764e399bcac0b1a96b74ff5a5003c,c7c465ef0a940d5a9d0f4cc3c4afd14795212b25,right,"-13,45","+9,44",a/src/utils/rQuery.js,b/src/utils/rQuery.js
b942744095ba6a7269f9cc5434df4e3e2ae8d998,b7b7e65115d309915eb137fbf17c7425926c00c4,3fcd733601e764e399bcac0b1a96b74ff5a5003c,c7c465ef0a940d5a9d0f4cc3c4afd14795212b25,right,"-12,45","+13,45",a/src/utils/rQuery.js,b/src/utils/rQuery.js
e45df5b6b3aaa592504fdb6515efbe0b51f5ff7e,b7b7e65115d309915eb137fbf17c7425926c00c4,3fcd733601e764e399bcac0b1a96b74ff5a5003c,c7c465ef0a940d5a9d0f4cc3c4afd14795212b25,right,"-12,30","+12,45",a/src/utils/rQuery.js,b/src/utils/rQuery.js
b2a129583462807b7c95d5c6945de3b5c047bc67,226e3805b2944a223f399b4e8d3038598dea52dd,b2a129583462807b7c95d5c6945de3b5c047bc67,49122455792dde4eaeb7577b380ce55b1db7f0d8,left,"-42,3","+45,3",a/src/bits/pointer.js,b/src/bits/pointer.js
86e55d188902ddf37f86a17833da993dad0a9fb8,cee8e563c8700d6ba38989077bef205fb0874c76,86e55d188902ddf37f86a17833da993dad0a9fb8,fc56450c91c7f5f752dcdc1443a269719aa59779,left,"-223,4","+223,3",a/src/redshift.js,b/src/redshift.js
b942744095ba6a7269f9cc5434df4e3e2ae8d998,cee8e563c8700d6ba38989077bef205fb0874c76,86e55d188902ddf37f86a17833da993dad0a9fb8,fc56450c91c7f5f752dcdc1443a269719aa59779,right,"-221,4","+221,2",a/src/redshift.js,b/src/redshift.js
